[INFO] Iteration 16384.
[INFO] Current time 2025-01-16T12:03:45.898.
[INFO] Elapsed time 461.31776309013367 seconds.
[INFO] Acceptance ratio 0.07672119140625.
[INFO] Number of proposed samples with infinite loglikelihood: 1597 of the last 16384 iterations.
[INFO] Remaining time 604338.68222785 seconds
[INFO] Remaining iterations 583616
[INFO] Current sample [3.9846453393522947, 4.04874973951529, 12.042914941270173, 0.024350184620559014, 7.54506059142692].
[INFO] Current loglikelihood -81.48052117097825.
[INFO] Adapting proposal at iteration 16384.
[INFO] Proposal at iteration 16384: MutableMvNormal{FullNormal}(FullNormal(
dim: 5
μ: [3.9846453393522947, 4.04874973951529, 12.042914941270173, 0.024350184620559014, 7.54506059142692]
Σ: [0.9290636695384408 0.2262896624430944 1.0289066439140653 -0.007717286936550018 -0.5485216214298653; 0.2262896624430944 0.19365862937401007 -0.1310801410210925 -0.0047880333627071696 -0.21401580791781766; 1.0289066439140653 -0.1310801410210925 4.436420588026922 -0.0008484196040190576 0.30601531888037714; -0.007717286936550018 -0.0047880333627071696 -0.0008484196040190576 0.00027900588765294505 0.0033691747204997614; -0.5485216214298653 -0.21401580791781766 0.30601531888037714 0.0033691747204997614 0.8691922051677994]
)
)
[INFO] Iteration 32768.
[INFO] Current time 2025-01-16T12:12:27.402.
[INFO] Elapsed time 982.7711250782013 seconds.
[INFO] Acceptance ratio 0.0987548828125.
[INFO] Number of proposed samples with infinite loglikelihood: 1600 of the last 16384 iterations.
[INFO] Remaining time 603817.2288498878 seconds
[INFO] Remaining iterations 567232
[INFO] Current sample [3.849346894827095, 4.614862076089125, 13.553408199059612, 0.01288538428211202, 9.28868702779987].
[INFO] Current loglikelihood -84.57144288537167.
[INFO] Adapting proposal at iteration 32768.
[INFO] Proposal at iteration 32768: MutableMvNormal{FullNormal}(FullNormal(
dim: 5
μ: [3.849346894827095, 4.614862076089125, 13.553408199059612, 0.01288538428211202, 9.28868702779987]
Σ: [0.9691350626322562 0.21009788535630444 0.9683668851976942 -0.007010887773913625 -0.5998026988578988; 0.21009788535630444 0.16607632205806344 -0.15434123291948917 -0.003394132542475652 -0.24835325392570648; 0.9683668851976942 -0.15434123291948917 3.9731010394398414 0.00021494545290805987 0.3135189324385333; -0.007010887773913625 -0.003394132542475652 0.00021494545290805987 0.00022220283818221145 0.0041371754464182755; -0.5998026988578988 -0.24835325392570648 0.3135189324385333 0.0041371754464182755 0.9396660875877156]
)
)
[INFO] Iteration 49152.
[INFO] Current time 2025-01-16T12:24:45.758.
[INFO] Elapsed time 1721.126923084259 seconds.
[INFO] Acceptance ratio 0.09722900390625.
[INFO] Number of proposed samples with infinite loglikelihood: 1464 of the last 16384 iterations.
[INFO] Remaining time 603078.8730587959 seconds
[INFO] Remaining iterations 550848
[INFO] Current sample [4.885140213770627, 3.9333518193040766, 15.889561140854692, 0.056840767320657015, 7.8532576471574815].
[INFO] Current loglikelihood -80.09163941781874.
[INFO] Adapting proposal at iteration 49152.
[INFO] Proposal at iteration 49152: MutableMvNormal{FullNormal}(FullNormal(
dim: 5
μ: [4.885140213770627, 3.9333518193040766, 15.889561140854692, 0.056840767320657015, 7.8532576471574815]
Σ: [1.181169669002244 0.2782074348817382 1.293723275366728 -0.0097063954696526 -0.7006918134075382; 0.2782074348817382 0.19811768750950942 -0.058511043720140044 -0.005106579044645402 -0.24868907687951905; 1.293723275366728 -0.058511043720140044 4.584255682541947 -0.0032112279042957868 0.11502353042098878; -0.0097063954696526 -0.005106579044645402 -0.0032112279042957868 0.00029340794230945175 0.005441207718124454; -0.7006918134075382 -0.24868907687951905 0.11502353042098878 0.005441207718124454 0.930528378695259]
)
)
[INFO] Iteration 65536.
[INFO] Current time 2025-01-16T12:35:20.261.
[INFO] Elapsed time 2355.6303520202637 seconds.
[INFO] Acceptance ratio 0.07830810546875.
[INFO] Number of proposed samples with infinite loglikelihood: 1665 of the last 16384 iterations.
[INFO] Remaining time 602444.3696379662 seconds
[INFO] Remaining iterations 534464
[INFO] Current sample [5.233989007297639, 4.423659089861669, 11.924193932461863, 0.038491787223179474, 6.271657407566325].
[INFO] Current loglikelihood -83.95850395993641.
[INFO] Adapting proposal at iteration 65536.
[INFO] Proposal at iteration 65536: MutableMvNormal{FullNormal}(FullNormal(
dim: 5
μ: [5.233989007297639, 4.423659089861669, 11.924193932461863, 0.038491787223179474, 6.271657407566325]
Σ: [0.7735669037164689 0.21172862752529845 0.693014121158769 -0.005384455246200125 -0.6142267709729483; 0.21172862752529845 0.20776631956325417 -0.2094364022516064 -0.0035977073302567554 -0.30792624390578127; 0.693014121158769 -0.2094364022516064 3.597675883756032 0.00021203427817716703 0.40490078658207596; -0.005384455246200125 -0.0035977073302567554 0.00021203427817716703 0.0001885629901262978 0.003982861835145692; -0.6142267709729483 -0.30792624390578127 0.40490078658207596 0.003982861835145692 1.053167983912755]
)
)
[INFO] Iteration 81920.
[INFO] Current time 2025-01-16T12:45:05.288.
[INFO] Elapsed time 2940.6567471027374 seconds.
[INFO] Acceptance ratio 0.09283447265625.
[INFO] Number of proposed samples with infinite loglikelihood: 995 of the last 16384 iterations.
[INFO] Remaining time 601859.3432488441 seconds
[INFO] Remaining iterations 518080
[INFO] Current sample [4.385231599710529, 4.9548407275871025, 13.662203048175057, 0.022470188407214924, 8.237813043785037].
[INFO] Current loglikelihood -84.42351316355249.
[INFO] Iteration 98304.
[INFO] Current time 2025-01-16T12:55:08.342.
[INFO] Elapsed time 3543.711275100708 seconds.
[INFO] Acceptance ratio 0.0926513671875.
[INFO] Number of proposed samples with infinite loglikelihood: 1174 of the last 16384 iterations.
[INFO] Remaining time 601256.2887167931 seconds
[INFO] Remaining iterations 501696
[INFO] Current sample [3.9513447219286943, 3.774969653091134, 15.448327190157917, 0.05644375454582831, 9.064516811572487].
[INFO] Current loglikelihood -78.66913123166412.
[INFO] Iteration 114688.
[INFO] Current time 2025-01-16T13:04:35.395.
[INFO] Elapsed time 4110.76348900795 seconds.
[INFO] Acceptance ratio 0.0997314453125.
[INFO] Number of proposed samples with infinite loglikelihood: 1240 of the last 16384 iterations.
[INFO] Remaining time 600689.2365047932 seconds
[INFO] Remaining iterations 485312
[INFO] Current sample [5.329964082909036, 5.245548920267088, 11.901683030317434, 0.033449097419101605, 6.057988394989471].
[INFO] Current loglikelihood -87.42275463245208.
[INFO] Iteration 131072.
[INFO] Current time 2025-01-16T13:13:25.946.
[INFO] Elapsed time 4641.314606189728 seconds.
[INFO] Acceptance ratio 0.102783203125.
[INFO] Number of proposed samples with infinite loglikelihood: 1250 of the last 16384 iterations.
[INFO] Remaining time 600158.6853837967 seconds
[INFO] Remaining iterations 468928
[INFO] Current sample [4.482815020804553, 4.332079093062213, 12.459049103249859, 0.030968472883968007, 6.871311957929118].
[INFO] Current loglikelihood -81.80971548965388.
[INFO] Iteration 147456.
[INFO] Current time 2025-01-16T13:22:04.770.
[INFO] Elapsed time 5160.166519165039 seconds.
[INFO] Acceptance ratio 0.09063720703125.
[INFO] Number of proposed samples with infinite loglikelihood: 1085 of the last 16384 iterations.
[INFO] Remaining time 599639.8334648609 seconds
[INFO] Remaining iterations 452544
[INFO] Current sample [3.7732294820401804, 4.352634935585808, 9.499665208091253, 0.04940553699059528, 6.539362053332779].
[INFO] Current loglikelihood -82.2071905356328.
[INFO] Iteration 163840.
[INFO] Current time 2025-01-16T13:30:33.854.
[INFO] Elapsed time 5669.222657203674 seconds.
[INFO] Acceptance ratio 0.1024169921875.
[INFO] Number of proposed samples with infinite loglikelihood: 1300 of the last 16384 iterations.
[INFO] Remaining time 599130.7773327827 seconds
[INFO] Remaining iterations 436160
[INFO] Current sample [3.949583229498596, 4.77432142820817, 10.799732675511791, 0.01700706785802704, 7.626570425499037].
[INFO] Current loglikelihood -83.51376349990264.
[INFO] Iteration 180224.
[INFO] Current time 2025-01-16T13:38:20.077.
[INFO] Elapsed time 6135.446256160736 seconds.
[INFO] Acceptance ratio 0.10235595703125.
[INFO] Number of proposed samples with infinite loglikelihood: 1325 of the last 16384 iterations.
[INFO] Remaining time 598664.5537309647 seconds
[INFO] Remaining iterations 419776
[INFO] Current sample [3.928225430013075, 4.582988121331194, 9.119170495206662, 0.020313176714449616, 7.002095272293692].
[INFO] Current loglikelihood -83.65657197313112.
[INFO] Iteration 196608.
[INFO] Current time 2025-01-16T13:46:01.920.
[INFO] Elapsed time 6597.288467168808 seconds.
[INFO] Acceptance ratio 0.09051513671875.
[INFO] Number of proposed samples with infinite loglikelihood: 1355 of the last 16384 iterations.
[INFO] Remaining time 598202.711525917 seconds
[INFO] Remaining iterations 403392
[INFO] Current sample [5.733177580485851, 4.775766315418651, 13.523061549983334, 0.014892621167562911, 6.0121402308447305].
[INFO] Current loglikelihood -86.37546135873284.
[INFO] Iteration 212992.
[INFO] Current time 2025-01-16T13:53:51.734.
[INFO] Elapsed time 7067.103314161301 seconds.
[INFO] Acceptance ratio 0.10052490234375.
[INFO] Number of proposed samples with infinite loglikelihood: 1175 of the last 16384 iterations.
[INFO] Remaining time 597732.8966789246 seconds
[INFO] Remaining iterations 387008
[INFO] Current sample [5.011297617232094, 4.528720901794529, 12.541586466314124, 0.02522204548549937, 7.45257889858521].
[INFO] Current loglikelihood -81.08886748739694.
[INFO] Iteration 229376.
[INFO] Current time 2025-01-16T14:01:42.452.
[INFO] Elapsed time 7537.822391033173 seconds.
[INFO] Acceptance ratio 0.08502197265625.
[INFO] Number of proposed samples with infinite loglikelihood: 1051 of the last 16384 iterations.
[INFO] Remaining time 597262.1765198708 seconds
[INFO] Remaining iterations 370624
[INFO] Current sample [6.326354549475906, 5.483698782522818, 11.865999563055102, 0.010349867915498134, 5.998691208154222].
[INFO] Current loglikelihood -84.18340957086774.
[INFO] Iteration 245760.
[INFO] Current time 2025-01-16T14:09:29.980.
[INFO] Elapsed time 8005.349411010742 seconds.
[INFO] Acceptance ratio 0.10369873046875.
[INFO] Number of proposed samples with infinite loglikelihood: 1351 of the last 16384 iterations.
[INFO] Remaining time 596794.6505599022 seconds
[INFO] Remaining iterations 354240
[INFO] Current sample [4.297049719730964, 4.798493224636749, 8.748923879415825, 0.01752609587156661, 5.770659038841483].
[INFO] Current loglikelihood -82.69364106900822.
[INFO] Iteration 262144.
[INFO] Current time 2025-01-16T14:17:23.686.
[INFO] Elapsed time 8479.05661702156 seconds.
[INFO] Acceptance ratio 0.10284423828125.
[INFO] Number of proposed samples with infinite loglikelihood: 1132 of the last 16384 iterations.
[INFO] Remaining time 596320.9433658123 seconds
[INFO] Remaining iterations 337856
[INFO] Current sample [3.063882016173642, 4.925833771400913, 7.221778739563151, 0.023785734022184167, 7.784015951925138].
[INFO] Current loglikelihood -82.42530800714802.
[INFO] Iteration 278528.
[INFO] Current time 2025-01-16T14:25:22.577.
[INFO] Elapsed time 8957.947036027908 seconds.
[INFO] Acceptance ratio 0.089599609375.
[INFO] Number of proposed samples with infinite loglikelihood: 1105 of the last 16384 iterations.
[INFO] Remaining time 595842.0529489517 seconds
[INFO] Remaining iterations 321472
[INFO] Current sample [3.2488881742730324, 4.2981972924562255, 9.904567734219599, 0.024871116667078703, 8.41207580245727].
[INFO] Current loglikelihood -83.85453460711587.
[INFO] Iteration 294912.
[INFO] Current time 2025-01-16T14:33:27.581.
[INFO] Elapsed time 9442.952057123184 seconds.
[INFO] Acceptance ratio 0.0880126953125.
[INFO] Number of proposed samples with infinite loglikelihood: 904 of the last 16384 iterations.
[INFO] Remaining time 595357.0479288101 seconds
[INFO] Remaining iterations 305088
[INFO] Current sample [3.1524227813448324, 3.6623361828015417, 10.499040929524401, 0.04394531898841108, 9.255628391176982].
[INFO] Current loglikelihood -79.30291781770984.
[INFO] Iteration 311296.
[INFO] Current time 2025-01-16T14:41:26.807.
[INFO] Elapsed time 9922.176920175552 seconds.
[INFO] Acceptance ratio 0.08203125.
[INFO] Number of proposed samples with infinite loglikelihood: 1112 of the last 16384 iterations.
[INFO] Remaining time 594877.8221158981 seconds
[INFO] Remaining iterations 288704
[INFO] Current sample [3.501538164286419, 4.275461591138725, 11.713834364389555, 0.046435732041903335, 7.9870766384298655].
[INFO] Current loglikelihood -82.5894158009807.
[INFO] Iteration 327680.
[INFO] Current time 2025-01-16T14:48:58.919.
[INFO] Elapsed time 10374.287477016449 seconds.
[INFO] Acceptance ratio 0.098388671875.
[INFO] Number of proposed samples with infinite loglikelihood: 1488 of the last 16384 iterations.
[INFO] Remaining time 594425.7125117779 seconds
[INFO] Remaining iterations 272320
[INFO] Current sample [5.039866380050533, 4.3677322596313255, 13.708856756626313, 0.024373897761615512, 7.935498279266895].
[INFO] Current loglikelihood -80.19847615416049.
[INFO] Iteration 344064.
[INFO] Current time 2025-01-16T14:56:43.380.
[INFO] Elapsed time 10838.75121808052 seconds.
[INFO] Acceptance ratio 0.0968017578125.
[INFO] Number of proposed samples with infinite loglikelihood: 1178 of the last 16384 iterations.
[INFO] Remaining time 593961.2487618923 seconds
[INFO] Remaining iterations 255936
[INFO] Current sample [4.319522307952006, 4.5502288085877405, 12.792038798542025, 0.017718408818520444, 7.7755867598705475].
[INFO] Current loglikelihood -80.96973502576137.
[INFO] Iteration 360448.
[INFO] Current time 2025-01-16T15:04:40.611.
[INFO] Elapsed time 11315.981357097626 seconds.
[INFO] Acceptance ratio 0.09698486328125.
[INFO] Number of proposed samples with infinite loglikelihood: 1199 of the last 16384 iterations.
[INFO] Remaining time 593484.0186309814 seconds
[INFO] Remaining iterations 239552
[INFO] Current sample [3.996522371957262, 5.017031927907587, 10.41840220013701, 0.0050057597526824635, 8.374710772907559].
[INFO] Current loglikelihood -84.34260206394153.
[INFO] Iteration 376832.
[INFO] Current time 2025-01-16T15:12:25.670.
[INFO] Elapsed time 11781.039050102234 seconds.
[INFO] Acceptance ratio 0.09716796875.
[INFO] Number of proposed samples with infinite loglikelihood: 1438 of the last 16384 iterations.
[INFO] Remaining time 593018.9609429836 seconds
[INFO] Remaining iterations 223168
[INFO] Current sample [2.6283066880394372, 3.9244515979015353, 10.475004509928851, 0.06770184563504632, 8.879881094617176].
[INFO] Current loglikelihood -84.00827610114051.
[INFO] Iteration 393216.
[INFO] Current time 2025-01-16T15:20:04.280.
[INFO] Elapsed time 12239.649112224579 seconds.
[INFO] Acceptance ratio 0.08502197265625.
[INFO] Number of proposed samples with infinite loglikelihood: 1413 of the last 16384 iterations.
[INFO] Remaining time 592560.3508749008 seconds
[INFO] Remaining iterations 206784
[INFO] Current sample [3.0919499482188493, 3.706975751596354, 13.937001855534538, 0.05375981290604656, 8.5149166570355].
[INFO] Current loglikelihood -81.05043778792391.
[INFO] Iteration 409600.
[INFO] Current time 2025-01-16T15:27:54.138.
[INFO] Elapsed time 12709.507174015045 seconds.
[INFO] Acceptance ratio 0.09893798828125.
[INFO] Number of proposed samples with infinite loglikelihood: 1172 of the last 16384 iterations.
[INFO] Remaining time 592090.4928128719 seconds
[INFO] Remaining iterations 190400
[INFO] Current sample [4.486849153760811, 3.999498000752733, 14.023438815270904, 0.030613007008075677, 8.00378983005529].
[INFO] Current loglikelihood -80.72347073673637.
[INFO] Iteration 425984.
[INFO] Current time 2025-01-16T15:35:36.334.
[INFO] Elapsed time 13171.705293178558 seconds.
[INFO] Acceptance ratio 0.0933837890625.
[INFO] Number of proposed samples with infinite loglikelihood: 1264 of the last 16384 iterations.
[INFO] Remaining time 591628.29468894 seconds
[INFO] Remaining iterations 174016
[INFO] Current sample [2.742378975432784, 4.34895383566367, 8.945636075015374, 0.015984403846659657, 8.963094305845372].
[INFO] Current loglikelihood -82.77047655680452.
[INFO] Iteration 442368.
[INFO] Current time 2025-01-16T15:43:18.134.
[INFO] Elapsed time 13633.503008127213 seconds.
[INFO] Acceptance ratio 0.08612060546875.
[INFO] Number of proposed samples with infinite loglikelihood: 1197 of the last 16384 iterations.
[INFO] Remaining time 591166.496986866 seconds
[INFO] Remaining iterations 157632
[INFO] Current sample [4.278068500064525, 4.28794837093452, 13.96671261999045, 0.0584488016855272, 6.795267936900273].
[INFO] Current loglikelihood -82.415855394134.
[INFO] Iteration 458752.
[INFO] Current time 2025-01-16T15:50:53.758.
[INFO] Elapsed time 14089.127128124237 seconds.
[INFO] Acceptance ratio 0.09912109375.
[INFO] Number of proposed samples with infinite loglikelihood: 1395 of the last 16384 iterations.
[INFO] Remaining time 590710.8728628159 seconds
[INFO] Remaining iterations 141248
[INFO] Current sample [5.242193813393607, 4.503041426599349, 16.138999747581742, 0.025495971762202647, 7.951725733520195].
[INFO] Current loglikelihood -82.94694735326269.
[INFO] Iteration 475136.
[INFO] Current time 2025-01-16T15:58:36.632.
[INFO] Elapsed time 14552.001162052155 seconds.
[INFO] Acceptance ratio 0.10113525390625.
[INFO] Number of proposed samples with infinite loglikelihood: 1292 of the last 16384 iterations.
[INFO] Remaining time 590247.9988238811 seconds
[INFO] Remaining iterations 124864
[INFO] Current sample [4.523872889957762, 4.847639413757693, 10.653383848159141, 0.0026163167705570813, 7.119847857389003].
[INFO] Current loglikelihood -84.30623417703832.
[INFO] Iteration 491520.
[INFO] Current time 2025-01-16T16:06:22.189.
[INFO] Elapsed time 15017.55789899826 seconds.
[INFO] Acceptance ratio 0.08917236328125.
[INFO] Number of proposed samples with infinite loglikelihood: 1316 of the last 16384 iterations.
[INFO] Remaining time 589782.4420938492 seconds
[INFO] Remaining iterations 108480
[INFO] Current sample [2.7424381270956544, 4.819588222681484, 7.83915357794651, 0.00748361216714003, 9.011674411573933].
[INFO] Current loglikelihood -82.90796941634673.
[INFO] Iteration 507904.
[INFO] Current time 2025-01-16T16:14:10.452.
[INFO] Elapsed time 15485.821932077408 seconds.
[INFO] Acceptance ratio 0.0902099609375.
[INFO] Number of proposed samples with infinite loglikelihood: 1097 of the last 16384 iterations.
[INFO] Remaining time 589314.1780560017 seconds
[INFO] Remaining iterations 92096
[INFO] Current sample [2.8234316473490164, 4.181922194103966, 9.646410343577974, 0.032765875242534284, 8.86589092729716].
[INFO] Current loglikelihood -80.26146844762218.
[INFO] Iteration 524288.
[INFO] Current time 2025-01-16T16:21:53.789.
[INFO] Elapsed time 15949.158226013184 seconds.
[INFO] Acceptance ratio 0.0914306640625.
[INFO] Number of proposed samples with infinite loglikelihood: 1247 of the last 16384 iterations.
[INFO] Remaining time 588850.8417677879 seconds
[INFO] Remaining iterations 75712
[INFO] Current sample [4.988833845318086, 4.923446407709056, 12.991108478942099, 0.012483743191677013, 6.9394617210063].
[INFO] Current loglikelihood -83.25408192962384.
[INFO] Iteration 540672.
[INFO] Current time 2025-01-16T16:29:31.663.
[INFO] Elapsed time 16407.03203010559 seconds.
[INFO] Acceptance ratio 0.0909423828125.
[INFO] Number of proposed samples with infinite loglikelihood: 1401 of the last 16384 iterations.
[INFO] Remaining time 588392.9679598808 seconds
[INFO] Remaining iterations 59328
[INFO] Current sample [5.481105082370547, 4.815681508228237, 10.021498407493592, 0.02046096116859513, 6.34341868881647].
[INFO] Current loglikelihood -84.50647751224314.
[INFO] Iteration 557056.
[INFO] Current time 2025-01-16T16:37:11.660.
[INFO] Elapsed time 16867.029251098633 seconds.
[INFO] Acceptance ratio 0.09197998046875.
[INFO] Number of proposed samples with infinite loglikelihood: 1375 of the last 16384 iterations.
[INFO] Remaining time 587932.9707429409 seconds
[INFO] Remaining iterations 42944
[INFO] Current sample [5.8690034148091135, 4.606462490362441, 16.960781474839244, 0.02700306715158365, 8.363971575415396].
[INFO] Current loglikelihood -83.06339682548352.
[INFO] Iteration 573440.
[INFO] Current time 2025-01-16T16:44:54.337.
[INFO] Elapsed time 17329.70597720146 seconds.
[INFO] Acceptance ratio 0.1036376953125.
[INFO] Number of proposed samples with infinite loglikelihood: 1271 of the last 16384 iterations.
[INFO] Remaining time 587470.2940149307 seconds
[INFO] Remaining iterations 26560
[INFO] Current sample [5.944494411582919, 5.056935458872791, 11.86977491942761, 0.005418252004061229, 5.570876760402767].
[INFO] Current loglikelihood -82.42513405418562.
[INFO] Iteration 589824.
[INFO] Current time 2025-01-16T16:52:39.002.
[INFO] Elapsed time 17794.370994091034 seconds.
[INFO] Acceptance ratio 0.09783935546875.
[INFO] Number of proposed samples with infinite loglikelihood: 1159 of the last 16384 iterations.
[INFO] Remaining time 587005.6289989948 seconds
[INFO] Remaining iterations 10176
[INFO] Current sample [3.3020625471503458, 4.052411080538892, 12.692265197140522, 0.05263789447401511, 8.023314548868948].
[INFO] Current loglikelihood -84.52253333764112.
[INFO] Iteration 600000.
[INFO] Current time 2025-01-16T16:57:23.030.
[INFO] Elapsed time 18078.39885020256 seconds.
[INFO] Acceptance ratio 0.0965998427672956.
[INFO] Number of proposed samples with infinite loglikelihood: 866 of the last 10176 iterations.
[INFO] Remaining time 586721.601143837 seconds
[INFO] Remaining iterations 0
[INFO] Current sample [5.807412792353921, 5.0280538181611965, 12.109836171810711, 0.005328946105174927, 5.993573664390712].
[INFO] Current loglikelihood -83.36635565650484.
[INFO] END STATUS
[INFO]     current time 2025-01-16T16:57:23.191.
[INFO]     elapsed time: 18078.559875011444 seconds.
[INFO]     timeout: false.
[INFO]     max iters reached: true.
[INFO]     number of unique samples: 55459.
[INFO]     number of proposed samples with infinite loglikelihood: 45782
[INFO]     samples filesize:
[INFO]         header: 3 (24 bytes).
[INFO]         samples: 600000.0 (24000000 bytes).
[INFO]         total: 24000024 bytes (eof at 24000024).
[INFO]     MH Config:
[INFO]         samples_write_buffer_size: 16384
[INFO]         samples_write_file: data/se2i2r_particle_param_samples.f64_array.bin
[INFO]         maxiters: 600000
[INFO]         nparams: 5
[INFO]         max_time_sec: 604800.0
[INFO]         init_sample: [3.0, 6.0, 12.0, 0.1, 10.0]
[INFO]         verbose: true
[INFO]         info_file: data/se2i2r_particle.info.txt
[INFO]         adaptive: true
[INFO]         nadapt: 65536
[INFO]         adapt_cov_scale: 0.8
[INFO]         continue_from_write_file: false
