[INFO] Iteration 16384.
[INFO] Current time 2025-01-15T10:43:02.412.
[INFO] Elapsed time 33.69389891624451 seconds.
[INFO] Acceptance ratio 0.2152099609375.
[INFO] Number of proposed samples with infinite loglikelihood: 1730 of the last 16384 iterations.
[INFO] Remaining time 604766.3060891628 seconds
[INFO] Remaining iterations 583616
[INFO] Current sample [3.2061416099265814, 4.64597304107961, 9.235518446113936, 0.022984824840410166, 8.611511899040782].
[INFO] Current loglikelihood -83.90104763266778.
[INFO] Adapting proposal at iteration 16384.
[INFO] Proposal at iteration 16384: MutableMvNormal{FullNormal}(FullNormal(
dim: 5
μ: [3.2061416099265814, 4.64597304107961, 9.235518446113936, 0.022984824840410166, 8.611511899040782]
Σ: [0.9856585560383737 0.23832254822077015 1.1087308690561153 -0.007397936764385856 -0.640242915408301; 0.23832254822077015 0.1789019469714101 -0.0994816758925679 -0.0041158113746914094 -0.2510517285231591; 1.1087308690561153 -0.0994816758925679 4.4908312670327595 -0.0005640508857681395 0.22860258221857832; -0.007397936764385856 -0.0041158113746914094 -0.0005640508857681395 0.0002847145550424242 0.0041147104614637385; -0.640242915408301 -0.2510517285231591 0.22860258221857832 0.0041147104614637385 0.9735293996128]
)
)
[INFO] Iteration 32768.
[INFO] Current time 2025-01-15T10:43:44.695.
[INFO] Elapsed time 75.91865682601929 seconds.
[INFO] Acceptance ratio 0.24505615234375.
[INFO] Number of proposed samples with infinite loglikelihood: 1929 of the last 16384 iterations.
[INFO] Remaining time 604724.0813140869 seconds
[INFO] Remaining iterations 567232
[INFO] Current sample [3.2751728023107334, 4.532420040258421, 9.767819889905839, 0.0360910339826606, 8.991755475571582].
[INFO] Current loglikelihood -83.60410667172532.
[INFO] Adapting proposal at iteration 32768.
[INFO] Proposal at iteration 32768: MutableMvNormal{FullNormal}(FullNormal(
dim: 5
μ: [3.2751728023107334, 4.532420040258421, 9.767819889905839, 0.0360910339826606, 8.991755475571582]
Σ: [0.9217621660081433 0.20294219606731181 1.0346469890677998 -0.0062825229085776745 -0.575188262133885; 0.20294219606731181 0.1535752044105409 -0.11474579844785307 -0.0034256166840231543 -0.21926368534431548; 1.0346469890677998 -0.11474579844785307 4.275399342485488 -0.0005352244198712827 0.2525009857313876; -0.0062825229085776745 -0.0034256166840231543 -0.0005352244198712827 0.00024216280125084538 0.0033521891761078373; -0.575188262133885 -0.21926368534431548 0.2525009857313876 0.0033521891761078373 0.8858020343459962]
)
)
[INFO] Iteration 49152.
[INFO] Current time 2025-01-15T10:44:27.232.
[INFO] Elapsed time 118.4560878276825 seconds.
[INFO] Acceptance ratio 0.26171875.
[INFO] Number of proposed samples with infinite loglikelihood: 1843 of the last 16384 iterations.
[INFO] Remaining time 604681.5439012051 seconds
[INFO] Remaining iterations 550848
[INFO] Current sample [5.3622541196493545, 4.438810862347946, 14.56974106751086, 0.008293062818485936, 9.368080756521563].
[INFO] Current loglikelihood -82.53130178868298.
[INFO] Adapting proposal at iteration 49152.
[INFO] Proposal at iteration 49152: MutableMvNormal{FullNormal}(FullNormal(
dim: 5
μ: [5.3622541196493545, 4.438810862347946, 14.56974106751086, 0.008293062818485936, 9.368080756521563]
Σ: [1.4471743366653909 0.31576718731442754 1.131152110952065 -0.008332475363337642 -0.8826996623242945; 0.31576718731442754 0.1845295755563584 -0.10715887726795957 -0.004237485357047593 -0.30055843476067745; 1.131152110952065 -0.10715887726795957 4.38815778123987 -0.00018245630940884005 0.2807091507676043; -0.008332475363337642 -0.004237485357047593 -0.00018245630940884005 0.00027746528904466604 0.005094441377956874; -0.8826996623242945 -0.30055843476067745 0.2807091507676043 0.005094441377956874 1.1213433375107769]
)
)
[INFO] Iteration 65536.
[INFO] Current time 2025-01-15T10:45:13.656.
[INFO] Elapsed time 164.87996888160706 seconds.
[INFO] Acceptance ratio 0.22027587890625.
[INFO] Number of proposed samples with infinite loglikelihood: 1888 of the last 16384 iterations.
[INFO] Remaining time 604635.1200201511 seconds
[INFO] Remaining iterations 534464
[INFO] Current sample [3.7354574508921274, 3.759289688206038, 14.431891305088996, 0.030718826650516784, 10.418339043790487].
[INFO] Current loglikelihood -81.36249547237105.
[INFO] Adapting proposal at iteration 65536.
[INFO] Proposal at iteration 65536: MutableMvNormal{FullNormal}(FullNormal(
dim: 5
μ: [3.7354574508921274, 3.759289688206038, 14.431891305088996, 0.030718826650516784, 10.418339043790487]
Σ: [0.987901175395869 0.2266739475786976 1.0324326883852812 -0.0061281704442276794 -0.669603120335426; 0.2266739475786976 0.1750702077366658 -0.14211931180541695 -0.003684203976983158 -0.2655190132316506; 1.0324326883852812 -0.14211931180541695 4.500429154988451 0.00032982186209162877 0.3386210293319893; -0.0061281704442276794 -0.003684203976983158 0.00032982186209162877 0.00024253027611321971 0.003637736727972017; -0.669603120335426 -0.2655190132316506 0.3386210293319893 0.003637736727972017 1.069265138521177]
)
)
[INFO] Iteration 81920.
[INFO] Current time 2025-01-15T10:45:58.900.
[INFO] Elapsed time 210.1542308330536 seconds.
[INFO] Acceptance ratio 0.247802734375.
[INFO] Number of proposed samples with infinite loglikelihood: 1692 of the last 16384 iterations.
[INFO] Remaining time 604589.845760107 seconds
[INFO] Remaining iterations 518080
[INFO] Current sample [4.867862747919887, 4.979517965167905, 12.183017393308681, 0.03480067368661556, 8.69935365710458].
[INFO] Current loglikelihood -87.99111248594116.
[INFO] Iteration 98304.
[INFO] Current time 2025-01-15T10:46:44.111.
[INFO] Elapsed time 255.3345308303833 seconds.
[INFO] Acceptance ratio 0.24993896484375.
[INFO] Number of proposed samples with infinite loglikelihood: 1673 of the last 16384 iterations.
[INFO] Remaining time 604544.6654601097 seconds
[INFO] Remaining iterations 501696
[INFO] Current sample [5.377504094937373, 4.318259374077063, 16.839113705670314, 0.00995615540910463, 8.52769338535981].
[INFO] Current loglikelihood -83.24959436812395.
[INFO] Iteration 114688.
[INFO] Current time 2025-01-15T10:47:29.768.
[INFO] Elapsed time 300.9913909435272 seconds.
[INFO] Acceptance ratio 0.24713134765625.
[INFO] Number of proposed samples with infinite loglikelihood: 1661 of the last 16384 iterations.
[INFO] Remaining time 604499.0085930824 seconds
[INFO] Remaining iterations 485312
[INFO] Current sample [5.937028810358514, 4.344016148873327, 17.14739936949723, 0.01955467099893934, 9.376765790958146].
[INFO] Current loglikelihood -82.57505433217402.
[INFO] Iteration 131072.
[INFO] Current time 2025-01-15T10:48:13.589.
[INFO] Elapsed time 344.8126859664917 seconds.
[INFO] Acceptance ratio 0.24981689453125.
[INFO] Number of proposed samples with infinite loglikelihood: 1730 of the last 16384 iterations.
[INFO] Remaining time 604455.1873049736 seconds
[INFO] Remaining iterations 468928
[INFO] Current sample [5.850907221798729, 4.475104199747328, 14.58475250532533, 0.02466642055336133, 7.860296026154074].
[INFO] Current loglikelihood -82.97145867333992.
[INFO] Iteration 147456.
[INFO] Current time 2025-01-15T10:48:58.239.
[INFO] Elapsed time 389.46257996559143 seconds.
[INFO] Acceptance ratio 0.23974609375.
[INFO] Number of proposed samples with infinite loglikelihood: 1732 of the last 16384 iterations.
[INFO] Remaining time 604410.5374081135 seconds
[INFO] Remaining iterations 452544
[INFO] Current sample [4.173568851577605, 4.650692488349196, 10.433963710152522, 0.03751441180963467, 7.517454330469075].
[INFO] Current loglikelihood -84.14731554573771.
[INFO] Iteration 163840.
[INFO] Current time 2025-01-15T10:49:45.965.
[INFO] Elapsed time 437.1890459060669 seconds.
[INFO] Acceptance ratio 0.24725341796875.
[INFO] Number of proposed samples with infinite loglikelihood: 1716 of the last 16384 iterations.
[INFO] Remaining time 604362.8109400272 seconds
[INFO] Remaining iterations 436160
[INFO] Current sample [2.7915818214605315, 4.114261641575778, 8.156197834997187, 0.05158274013824193, 8.559154632643368].
[INFO] Current loglikelihood -82.31326221161041.
[INFO] Iteration 180224.
[INFO] Current time 2025-01-15T10:50:36.048.
[INFO] Elapsed time 487.2720630168915 seconds.
[INFO] Acceptance ratio 0.24493408203125.
[INFO] Number of proposed samples with infinite loglikelihood: 1807 of the last 16384 iterations.
[INFO] Remaining time 604312.7279250622 seconds
[INFO] Remaining iterations 419776
[INFO] Current sample [3.118192261396475, 4.157769123454511, 10.629133191707345, 0.04533826692539168, 8.60995056149254].
[INFO] Current loglikelihood -83.50838041221557.
[INFO] Iteration 196608.
[INFO] Current time 2025-01-15T10:51:25.825.
[INFO] Elapsed time 537.0491149425507 seconds.
[INFO] Acceptance ratio 0.24609375.
[INFO] Number of proposed samples with infinite loglikelihood: 1744 of the last 16384 iterations.
[INFO] Remaining time 604262.9508771896 seconds
[INFO] Remaining iterations 403392
[INFO] Current sample [3.7240886410542653, 4.137727023645875, 11.33334226879002, 0.03965995977910659, 8.672785382528534].
[INFO] Current loglikelihood -82.06445112367071.
[INFO] Iteration 212992.
[INFO] Current time 2025-01-15T10:52:15.442.
[INFO] Elapsed time 586.6660368442535 seconds.
[INFO] Acceptance ratio 0.24652099609375.
[INFO] Number of proposed samples with infinite loglikelihood: 1680 of the last 16384 iterations.
[INFO] Remaining time 604213.3339550495 seconds
[INFO] Remaining iterations 387008
[INFO] Current sample [3.628695115455041, 3.8360342740972193, 13.433630505846903, 0.02446765696220192, 9.669790687745174].
[INFO] Current loglikelihood -81.44173633546471.
[INFO] Iteration 229376.
[INFO] Current time 2025-01-15T10:53:05.483.
[INFO] Elapsed time 636.7070670127869 seconds.
[INFO] Acceptance ratio 0.24542236328125.
[INFO] Number of proposed samples with infinite loglikelihood: 1683 of the last 16384 iterations.
[INFO] Remaining time 604163.2929210663 seconds
[INFO] Remaining iterations 370624
[INFO] Current sample [2.8813405846160256, 5.079121071238957, 7.9838988138115115, 0.03963219057492201, 8.668483508005021].
[INFO] Current loglikelihood -87.37728939056005.
[INFO] Iteration 245760.
[INFO] Current time 2025-01-15T10:53:54.063.
[INFO] Elapsed time 685.2864968776703 seconds.
[INFO] Acceptance ratio 0.24560546875.
[INFO] Number of proposed samples with infinite loglikelihood: 1734 of the last 16384 iterations.
[INFO] Remaining time 604114.7134940624 seconds
[INFO] Remaining iterations 354240
[INFO] Current sample [2.1788790723050386, 4.410599578570704, 6.146115528239908, 0.01192633934007338, 10.161910114093553].
[INFO] Current loglikelihood -83.49453262831888.
[INFO] Iteration 262144.
[INFO] Current time 2025-01-15T10:54:41.810.
[INFO] Elapsed time 733.0337998867035 seconds.
[INFO] Acceptance ratio 0.249755859375.
[INFO] Number of proposed samples with infinite loglikelihood: 1684 of the last 16384 iterations.
[INFO] Remaining time 604066.9661910534 seconds
[INFO] Remaining iterations 337856
[INFO] Current sample [3.553575225554893, 4.022873511233311, 13.619675941109472, 0.05429574753421833, 9.558542679634265].
[INFO] Current loglikelihood -82.73244338984635.
[INFO] Iteration 278528.
[INFO] Current time 2025-01-15T10:55:31.650.
[INFO] Elapsed time 782.8733990192413 seconds.
[INFO] Acceptance ratio 0.24951171875.
[INFO] Number of proposed samples with infinite loglikelihood: 1881 of the last 16384 iterations.
[INFO] Remaining time 604017.1265881062 seconds
[INFO] Remaining iterations 321472
[INFO] Current sample [4.779059975777764, 4.570216055876468, 12.238650554661447, 0.041816748424734894, 8.053206752034862].
[INFO] Current loglikelihood -84.42695146101099.
[INFO] Iteration 294912.
[INFO] Current time 2025-01-15T10:56:18.919.
[INFO] Elapsed time 830.1425518989563 seconds.
[INFO] Acceptance ratio 0.243896484375.
[INFO] Number of proposed samples with infinite loglikelihood: 1732 of the last 16384 iterations.
[INFO] Remaining time 603969.8574399948 seconds
[INFO] Remaining iterations 305088
[INFO] Current sample [3.997647773012656, 4.070374721555409, 14.472224583335365, 0.03320369765886464, 10.476293779026488].
[INFO] Current loglikelihood -81.97110118767692.
[INFO] Iteration 311296.
[INFO] Current time 2025-01-15T10:57:10.896.
[INFO] Elapsed time 882.1197748184204 seconds.
[INFO] Acceptance ratio 0.2457275390625.
[INFO] Number of proposed samples with infinite loglikelihood: 1766 of the last 16384 iterations.
[INFO] Remaining time 603917.880215168 seconds
[INFO] Remaining iterations 288704
[INFO] Current sample [5.762904837511302, 4.406615576172935, 15.248592499581491, 0.010517728371830359, 8.9846282488675].
[INFO] Current loglikelihood -83.07089792623714.
[INFO] Iteration 327680.
[INFO] Current time 2025-01-15T10:58:01.817.
[INFO] Elapsed time 933.040501832962 seconds.
[INFO] Acceptance ratio 0.241455078125.
[INFO] Number of proposed samples with infinite loglikelihood: 1705 of the last 16384 iterations.
[INFO] Remaining time 603866.9594581127 seconds
[INFO] Remaining iterations 272320
[INFO] Current sample [3.4528726652935724, 4.7253302884187365, 10.590352631358085, 0.039931411795390566, 9.988816480841939].
[INFO] Current loglikelihood -86.91123938656563.
[INFO] Iteration 344064.
[INFO] Current time 2025-01-15T10:58:59.449.
[INFO] Elapsed time 990.6727797985077 seconds.
[INFO] Acceptance ratio 0.24029541015625.
[INFO] Number of proposed samples with infinite loglikelihood: 1781 of the last 16384 iterations.
[INFO] Remaining time 603809.327203989 seconds
[INFO] Remaining iterations 255936
[INFO] Current sample [5.081940774440183, 4.161570304909288, 14.317072108554282, 0.046673785284585705, 7.636182492363992].
[INFO] Current loglikelihood -83.75803212141753.
[INFO] Iteration 360448.
[INFO] Current time 2025-01-15T10:59:55.685.
[INFO] Elapsed time 1046.9090838432312 seconds.
[INFO] Acceptance ratio 0.2392578125.
[INFO] Number of proposed samples with infinite loglikelihood: 1694 of the last 16384 iterations.
[INFO] Remaining time 603753.0909051895 seconds
[INFO] Remaining iterations 239552
[INFO] Current sample [3.6578424753570475, 4.140024943900501, 11.902449921788067, 0.02933406008497739, 9.623158124196324].
[INFO] Current loglikelihood -82.41591777489627.
[INFO] Iteration 376832.
[INFO] Current time 2025-01-15T11:00:53.913.
[INFO] Elapsed time 1105.1365308761597 seconds.
[INFO] Acceptance ratio 0.2442626953125.
[INFO] Number of proposed samples with infinite loglikelihood: 1781 of the last 16384 iterations.
[INFO] Remaining time 603694.8634600639 seconds
[INFO] Remaining iterations 223168
[INFO] Current sample [4.5745285953903565, 4.516811502916108, 13.50438590392399, 0.007213966968278298, 10.215337117298235].
[INFO] Current loglikelihood -84.44542008528778.
[INFO] Iteration 393216.
[INFO] Current time 2025-01-15T11:01:49.920.
[INFO] Elapsed time 1161.1449489593506 seconds.
[INFO] Acceptance ratio 0.24810791015625.
[INFO] Number of proposed samples with infinite loglikelihood: 1707 of the last 16384 iterations.
[INFO] Remaining time 603638.8550240993 seconds
[INFO] Remaining iterations 206784
[INFO] Current sample [4.958333588241832, 4.1879438897060615, 16.904393876630294, 0.040007061688078695, 8.686355725188387].
[INFO] Current loglikelihood -82.88618329964588.
[INFO] Iteration 409600.
[INFO] Current time 2025-01-15T11:02:47.400.
[INFO] Elapsed time 1218.624030828476 seconds.
[INFO] Acceptance ratio 0.24432373046875.
[INFO] Number of proposed samples with infinite loglikelihood: 1593 of the last 16384 iterations.
[INFO] Remaining time 603581.3759541512 seconds
[INFO] Remaining iterations 190400
[INFO] Current sample [3.0379534854618697, 4.143649520214463, 8.272782818516635, 0.04485996160123873, 9.04254630171366].
[INFO] Current loglikelihood -82.53954200244557.
[INFO] Iteration 425984.
[INFO] Current time 2025-01-15T11:03:42.926.
[INFO] Elapsed time 1274.149761915207 seconds.
[INFO] Acceptance ratio 0.24334716796875.
[INFO] Number of proposed samples with infinite loglikelihood: 1816 of the last 16384 iterations.
[INFO] Remaining time 603525.8502261639 seconds
[INFO] Remaining iterations 174016
[INFO] Current sample [4.88950818601625, 4.62948758524609, 12.070027677151547, 0.04229035343834822, 7.585494028869089].
[INFO] Current loglikelihood -84.8929261851491.
[INFO] Iteration 442368.
[INFO] Current time 2025-01-15T11:04:38.010.
[INFO] Elapsed time 1329.2333779335022 seconds.
[INFO] Acceptance ratio 0.24127197265625.
[INFO] Number of proposed samples with infinite loglikelihood: 1646 of the last 16384 iterations.
[INFO] Remaining time 603470.7666130066 seconds
[INFO] Remaining iterations 157632
[INFO] Current sample [5.688259807455919, 4.741455390567738, 12.406264642052328, 0.03178371497556516, 7.589424304716861].
[INFO] Current loglikelihood -85.57291301901459.
[INFO] Iteration 458752.
[INFO] Current time 2025-01-15T11:05:33.450.
[INFO] Elapsed time 1384.6734960079193 seconds.
[INFO] Acceptance ratio 0.2467041015625.
[INFO] Number of proposed samples with infinite loglikelihood: 1722 of the last 16384 iterations.
[INFO] Remaining time 603415.3264930248 seconds
[INFO] Remaining iterations 141248
[INFO] Current sample [3.4374710923537144, 4.454652603777057, 11.891135724559657, 0.03978693421281356, 9.906765678207757].
[INFO] Current loglikelihood -84.44810725680036.
[INFO] Iteration 475136.
[INFO] Current time 2025-01-15T11:06:25.230.
[INFO] Elapsed time 1436.453374862671 seconds.
[INFO] Acceptance ratio 0.247314453125.
[INFO] Number of proposed samples with infinite loglikelihood: 1816 of the last 16384 iterations.
[INFO] Remaining time 603363.5466151237 seconds
[INFO] Remaining iterations 124864
[INFO] Current sample [3.633250696220916, 4.366617550818964, 9.630316844716072, 0.02721223902721635, 8.541456359031093].
[INFO] Current loglikelihood -82.52857795575356.
[INFO] Iteration 491520.
[INFO] Current time 2025-01-15T11:07:15.589.
[INFO] Elapsed time 1486.8127648830414 seconds.
[INFO] Acceptance ratio 0.2464599609375.
[INFO] Number of proposed samples with infinite loglikelihood: 1721 of the last 16384 iterations.
[INFO] Remaining time 603313.1872282028 seconds
[INFO] Remaining iterations 108480
[INFO] Current sample [6.606394411953266, 4.523398812866629, 15.074231215509677, 0.011414925757573096, 8.30487395083172].
[INFO] Current loglikelihood -83.39484837980777.
[INFO] Iteration 507904.
[INFO] Current time 2025-01-15T11:08:05.220.
[INFO] Elapsed time 1536.4437918663025 seconds.
[INFO] Acceptance ratio 0.24786376953125.
[INFO] Number of proposed samples with infinite loglikelihood: 1702 of the last 16384 iterations.
[INFO] Remaining time 603263.5561981201 seconds
[INFO] Remaining iterations 92096
[INFO] Current sample [4.916687358690874, 4.590242091265663, 11.646232751527554, 0.024907818515975077, 7.7878201148091595].
[INFO] Current loglikelihood -83.1841533699896.
[INFO] Iteration 524288.
[INFO] Current time 2025-01-15T11:08:55.634.
[INFO] Elapsed time 1586.8577489852905 seconds.
[INFO] Acceptance ratio 0.240234375.
[INFO] Number of proposed samples with infinite loglikelihood: 1744 of the last 16384 iterations.
[INFO] Remaining time 603213.1422381401 seconds
[INFO] Remaining iterations 75712
[INFO] Current sample [3.974659822391893, 4.29989660415639, 11.982947152912706, 0.0197607232038028, 9.029783646121926].
[INFO] Current loglikelihood -81.98171858814088.
[INFO] Iteration 540672.
[INFO] Current time 2025-01-15T11:09:47.133.
[INFO] Elapsed time 1638.3566398620605 seconds.
[INFO] Acceptance ratio 0.2523193359375.
[INFO] Number of proposed samples with infinite loglikelihood: 1829 of the last 16384 iterations.
[INFO] Remaining time 603161.643351078 seconds
[INFO] Remaining iterations 59328
[INFO] Current sample [6.255713974286255, 5.135306816031566, 12.179309581771136, 0.011602395534681967, 6.819698663728252].
[INFO] Current loglikelihood -84.75078794268592.
[INFO] Iteration 557056.
[INFO] Current time 2025-01-15T11:10:41.434.
[INFO] Elapsed time 1692.6582520008087 seconds.
[INFO] Acceptance ratio 0.247802734375.
[INFO] Number of proposed samples with infinite loglikelihood: 1819 of the last 16384 iterations.
[INFO] Remaining time 603107.3416881561 seconds
[INFO] Remaining iterations 42944
[INFO] Current sample [4.925123656359191, 4.762399427065083, 11.257021476819132, 0.007309871975989049, 7.787273794311949].
[INFO] Current loglikelihood -83.83703232631709.
[INFO] Iteration 573440.
[INFO] Current time 2025-01-15T11:11:32.311.
[INFO] Elapsed time 1743.534795999527 seconds.
[INFO] Acceptance ratio 0.2440185546875.
[INFO] Number of proposed samples with infinite loglikelihood: 1640 of the last 16384 iterations.
[INFO] Remaining time 603056.4651939869 seconds
[INFO] Remaining iterations 26560
[INFO] Current sample [4.54250498292437, 4.38197747270618, 15.988053425614948, 0.012253493154530082, 11.116856764693393].
[INFO] Current loglikelihood -85.59981305317503.
[INFO] Iteration 589824.
[INFO] Current time 2025-01-15T11:12:30.761.
[INFO] Elapsed time 1801.9844229221344 seconds.
[INFO] Acceptance ratio 0.2435302734375.
[INFO] Number of proposed samples with infinite loglikelihood: 1669 of the last 16384 iterations.
[INFO] Remaining time 602998.0155651569 seconds
[INFO] Remaining iterations 10176
[INFO] Current sample [3.597930049115777, 4.629897647574371, 12.932329166219347, 0.031288822573698444, 9.953419313709345].
[INFO] Current loglikelihood -85.78462777148609.
[INFO] Iteration 600000.
[INFO] Current time 2025-01-15T11:13:07.297.
[INFO] Elapsed time 1838.520150899887 seconds.
[INFO] Acceptance ratio 0.24213836477987422.
[INFO] Number of proposed samples with infinite loglikelihood: 1116 of the last 10176 iterations.
[INFO] Remaining time 602961.479845047 seconds
[INFO] Remaining iterations 0
[INFO] Current sample [4.957960988833885, 4.691306060838789, 12.789072368037926, 0.01294297890838284, 8.583598678761607].
[INFO] Current loglikelihood -83.41221910761035.
[INFO] END STATUS
[INFO]     current time 2025-01-15T11:13:07.429.
[INFO]     elapsed time: 1838.6529569625854 seconds.
[INFO]     timeout: false.
[INFO]     max iters reached: true.
[INFO]     number of unique samples: 144179.
[INFO]     number of proposed samples with infinite loglikelihood: 62690
[INFO]     samples filesize:
[INFO]         header: 3 (24 bytes).
[INFO]         samples: 600000.0 (24000000 bytes).
[INFO]         total: 24000024 bytes (eof at 24000024).
[INFO]     MH Config:
[INFO]         samples_write_buffer_size: 16384
[INFO]         samples_write_file: data/se2i2r_hybrid_threshold_10_param_samples.f64_array.bin
[INFO]         maxiters: 600000
[INFO]         nparams: 5
[INFO]         max_time_sec: 604800.0
[INFO]         init_sample: [3.0, 6.0, 12.0, 0.1, 10.0]
[INFO]         verbose: true
[INFO]         info_file: data/se2i2r_hybrid_threshold_10.info.txt
[INFO]         adaptive: true
[INFO]         nadapt: 65536
[INFO]         adapt_cov_scale: 0.8
[INFO]         continue_from_write_file: false
