[INFO] Iteration 16384.
[INFO] Current time 2025-01-16T12:00:17.214.
[INFO] Elapsed time 3.641991138458252 seconds.
[INFO] Acceptance ratio 0.2232666015625.
[INFO] Number of proposed samples with infinite loglikelihood: 1714 of the last 16384 iterations.
[INFO] Remaining time 604796.3580038548 seconds
[INFO] Remaining iterations 583616
[INFO] Current sample [4.553866846468017, 4.014684014206699, 15.859345723571483, 0.028636323787242474, 8.510984387371165].
[INFO] Current loglikelihood -81.71087691183574.
[INFO] Adapting proposal at iteration 16384.
[INFO] Proposal at iteration 16384: MutableMvNormal{FullNormal}(FullNormal(
dim: 5
μ: [4.553866846468017, 4.014684014206699, 15.859345723571483, 0.028636323787242474, 8.510984387371165]
Σ: [1.073762348521931 0.23829294134163798 1.050790305323347 -0.007960261897758836 -0.6512629949295947; 0.23829294134163798 0.17338859030856374 -0.11596454013945888 -0.004214782310022116 -0.24184520684022562; 1.050790305323347 -0.11596454013945888 4.326116185486653 -0.0010188907426162293 0.31570377272061334; -0.007960261897758836 -0.004214782310022116 -0.0010188907426162293 0.0002790197553989096 0.004298267659777116; -0.6512629949295947 -0.24184520684022562 0.31570377272061334 0.004298267659777116 0.9599049132920835]
)
)
[INFO] Iteration 32768.
[INFO] Current time 2025-01-16T12:00:21.202.
[INFO] Elapsed time 7.57820200920105 seconds.
[INFO] Acceptance ratio 0.2454833984375.
[INFO] Number of proposed samples with infinite loglikelihood: 1675 of the last 16384 iterations.
[INFO] Remaining time 604792.4217939377 seconds
[INFO] Remaining iterations 567232
[INFO] Current sample [3.3089968909038574, 4.89042622789734, 8.888607421975273, 0.011557018348337465, 8.22994504831433].
[INFO] Current loglikelihood -84.42505825015148.
[INFO] Adapting proposal at iteration 32768.
[INFO] Proposal at iteration 32768: MutableMvNormal{FullNormal}(FullNormal(
dim: 5
μ: [3.3089968909038574, 4.89042622789734, 8.888607421975273, 0.011557018348337465, 8.22994504831433]
Σ: [0.8202808434008283 0.20037640608347396 0.915584089424789 -0.006047946890187803 -0.547471061312532; 0.20037640608347396 0.1641296800933305 -0.12461441211600176 -0.003649825607131644 -0.22713319259220255; 0.915584089424789 -0.12461441211600176 3.91725188909076 0.0005396938690106407 0.25595893024831207; -0.006047946890187803 -0.003649825607131644 0.0005396938690106407 0.00022116660217414504 0.004157647790527743; -0.547471061312532 -0.22713319259220255 0.25595893024831207 0.004157647790527743 0.9032071110772986]
)
)
[INFO] Iteration 49152.
[INFO] Current time 2025-01-16T12:00:24.771.
[INFO] Elapsed time 11.147565126419067 seconds.
[INFO] Acceptance ratio 0.28680419921875.
[INFO] Number of proposed samples with infinite loglikelihood: 1394 of the last 16384 iterations.
[INFO] Remaining time 604788.8524308205 seconds
[INFO] Remaining iterations 550848
[INFO] Current sample [5.825343764721369, 4.799870868467337, 14.515281098185884, 0.000603645403791056, 8.398587937408621].
[INFO] Current loglikelihood -84.66528685765945.
[INFO] Adapting proposal at iteration 49152.
[INFO] Proposal at iteration 49152: MutableMvNormal{FullNormal}(FullNormal(
dim: 5
μ: [5.825343764721369, 4.799870868467337, 14.515281098185884, 0.000603645403791056, 8.398587937408621]
Σ: [1.1710459431534195 0.23972504133458697 1.310230601928683 -0.00734434585270955 -0.6879784818379503; 0.23972504133458697 0.17254951061353668 -0.10307954979757997 -0.0039056560385230888 -0.25874933890593454; 1.310230601928683 -0.10307954979757997 4.708995131201099 -0.001122957625522274 0.21182788018423013; -0.00734434585270955 -0.0039056560385230888 -0.001122957625522274 0.00023976030983413455 0.004453004074289525; -0.6879784818379503 -0.25874933890593454 0.21182788018423013 0.004453004074289525 0.9960777199571199]
)
)
[INFO] Iteration 65536.
[INFO] Current time 2025-01-16T12:00:28.312.
[INFO] Elapsed time 14.68821907043457 seconds.
[INFO] Acceptance ratio 0.24700927734375.
[INFO] Number of proposed samples with infinite loglikelihood: 1608 of the last 16384 iterations.
[INFO] Remaining time 604785.3117740154 seconds
[INFO] Remaining iterations 534464
[INFO] Current sample [2.8834269112783635, 3.644216389926247, 13.777149950557387, 0.06981417207620617, 10.469582150972647].
[INFO] Current loglikelihood -82.99844993183233.
[INFO] Adapting proposal at iteration 65536.
[INFO] Proposal at iteration 65536: MutableMvNormal{FullNormal}(FullNormal(
dim: 5
μ: [2.8834269112783635, 3.644216389926247, 13.777149950557387, 0.06981417207620617, 10.469582150972647]
Σ: [1.0315540190819967 0.22782379509817902 1.0496462913900808 -0.007233789981246134 -0.6633512506402103; 0.22782379509817902 0.17968017251642154 -0.15892992232342448 -0.004147925232998213 -0.2630184311411528; 1.0496462913900808 -0.15892992232342448 4.3474589650573945 -0.0003012097927584681 0.31124489597903393; -0.007233789981246134 -0.004147925232998213 -0.0003012097927584681 0.00024077071166834463 0.0045754574095655766; -0.6633512506402103 -0.2630184311411528 0.31124489597903393 0.0045754574095655766 1.0078203490256252]
)
)
[INFO] Iteration 81920.
[INFO] Current time 2025-01-16T12:00:31.810.
[INFO] Elapsed time 18.20183515548706 seconds.
[INFO] Acceptance ratio 0.25830078125.
[INFO] Number of proposed samples with infinite loglikelihood: 1690 of the last 16384 iterations.
[INFO] Remaining time 604781.798158884 seconds
[INFO] Remaining iterations 518080
[INFO] Current sample [4.508234239668487, 5.0273710023648475, 9.244889198095773, 0.03311869275986228, 6.252565842966315].
[INFO] Current loglikelihood -85.85042444041632.
[INFO] Iteration 98304.
[INFO] Current time 2025-01-16T12:00:35.339.
[INFO] Elapsed time 21.715938091278076 seconds.
[INFO] Acceptance ratio 0.2567138671875.
[INFO] Number of proposed samples with infinite loglikelihood: 1559 of the last 16384 iterations.
[INFO] Remaining time 604778.2840578556 seconds
[INFO] Remaining iterations 501696
[INFO] Current sample [5.346837991869839, 4.368108117787747, 13.70740544562664, 0.012810665675985076, 8.220486134415841].
[INFO] Current loglikelihood -83.54814634642166.
[INFO] Iteration 114688.
[INFO] Current time 2025-01-16T12:00:38.915.
[INFO] Elapsed time 25.291162967681885 seconds.
[INFO] Acceptance ratio 0.26153564453125.
[INFO] Number of proposed samples with infinite loglikelihood: 1546 of the last 16384 iterations.
[INFO] Remaining time 604774.7088329792 seconds
[INFO] Remaining iterations 485312
[INFO] Current sample [4.867139117773104, 4.446918206912322, 12.741215134628828, 0.028600907179783492, 7.388920886313471].
[INFO] Current loglikelihood -83.2717084542448.
[INFO] Iteration 131072.
[INFO] Current time 2025-01-16T12:00:42.476.
[INFO] Elapsed time 28.852176189422607 seconds.
[INFO] Acceptance ratio 0.255615234375.
[INFO] Number of proposed samples with infinite loglikelihood: 1607 of the last 16384 iterations.
[INFO] Remaining time 604771.1478199959 seconds
[INFO] Remaining iterations 468928
[INFO] Current sample [4.402718062923679, 4.756288743995108, 10.49003569056443, 0.007122097911197344, 7.141007862864894].
[INFO] Current loglikelihood -84.69877315622168.
[INFO] Iteration 147456.
[INFO] Current time 2025-01-16T12:00:45.954.
[INFO] Elapsed time 32.33103919029236 seconds.
[INFO] Acceptance ratio 0.2554931640625.
[INFO] Number of proposed samples with infinite loglikelihood: 1554 of the last 16384 iterations.
[INFO] Remaining time 604767.668956995 seconds
[INFO] Remaining iterations 452544
[INFO] Current sample [4.736110928044769, 4.2517527036236284, 12.877041276664498, 0.041544462896008744, 6.564806271195304].
[INFO] Current loglikelihood -83.44021130482558.
[INFO] Iteration 163840.
[INFO] Current time 2025-01-16T12:00:49.548.
[INFO] Elapsed time 35.924890995025635 seconds.
[INFO] Acceptance ratio 0.260009765625.
[INFO] Number of proposed samples with infinite loglikelihood: 1418 of the last 16384 iterations.
[INFO] Remaining time 604764.0751049519 seconds
[INFO] Remaining iterations 436160
[INFO] Current sample [3.371891666169317, 4.335353066274742, 10.786495008579035, 0.04435744591407098, 8.090916021498353].
[INFO] Current loglikelihood -83.40774749243849.
[INFO] Iteration 180224.
[INFO] Current time 2025-01-16T12:00:53.092.
[INFO] Elapsed time 39.46898698806763 seconds.
[INFO] Acceptance ratio 0.2554931640625.
[INFO] Number of proposed samples with infinite loglikelihood: 1671 of the last 16384 iterations.
[INFO] Remaining time 604760.5310089588 seconds
[INFO] Remaining iterations 419776
[INFO] Current sample [4.6123414723498435, 4.85559551263591, 13.865605534629974, 0.02813640490178898, 7.599810569792811].
[INFO] Current loglikelihood -85.34505599971072.
[INFO] Iteration 196608.
[INFO] Current time 2025-01-16T12:00:56.642.
[INFO] Elapsed time 43.01809597015381 seconds.
[INFO] Acceptance ratio 0.25640869140625.
[INFO] Number of proposed samples with infinite loglikelihood: 1606 of the last 16384 iterations.
[INFO] Remaining time 604756.9819009304 seconds
[INFO] Remaining iterations 403392
[INFO] Current sample [5.1161918805452675, 4.042490370086066, 12.923047272091019, 0.034544593392222184, 5.950182239492676].
[INFO] Current loglikelihood -87.08027077316027.
[INFO] Iteration 212992.
[INFO] Current time 2025-01-16T12:01:00.246.
[INFO] Elapsed time 46.62249803543091 seconds.
[INFO] Acceptance ratio 0.2574462890625.
[INFO] Number of proposed samples with infinite loglikelihood: 1440 of the last 16384 iterations.
[INFO] Remaining time 604753.3774969578 seconds
[INFO] Remaining iterations 387008
[INFO] Current sample [2.528378037811185, 3.893897017433165, 8.446093262169152, 0.033357362064090415, 8.684987310918562].
[INFO] Current loglikelihood -81.48491597336405.
[INFO] Iteration 229376.
[INFO] Current time 2025-01-16T12:01:03.882.
[INFO] Elapsed time 50.25869011878967 seconds.
[INFO] Acceptance ratio 0.2515869140625.
[INFO] Number of proposed samples with infinite loglikelihood: 1456 of the last 16384 iterations.
[INFO] Remaining time 604749.7413070202 seconds
[INFO] Remaining iterations 370624
[INFO] Current sample [3.4290797011327565, 4.516090467584742, 11.25245403663206, 0.021190445773101602, 8.69483456718045].
[INFO] Current loglikelihood -83.81568903060754.
[INFO] Iteration 245760.
[INFO] Current time 2025-01-16T12:01:07.420.
[INFO] Elapsed time 53.7962441444397 seconds.
[INFO] Acceptance ratio 0.25274658203125.
[INFO] Number of proposed samples with infinite loglikelihood: 1563 of the last 16384 iterations.
[INFO] Remaining time 604746.2037518024 seconds
[INFO] Remaining iterations 354240
[INFO] Current sample [2.835288486104694, 4.398894590449062, 7.759108491226101, 0.03481749159475783, 8.359877636885207].
[INFO] Current loglikelihood -82.58801131241493.
[INFO] Iteration 262144.
[INFO] Current time 2025-01-16T12:01:10.958.
[INFO] Elapsed time 57.334843158721924 seconds.
[INFO] Acceptance ratio 0.2608642578125.
[INFO] Number of proposed samples with infinite loglikelihood: 1568 of the last 16384 iterations.
[INFO] Remaining time 604742.6651539803 seconds
[INFO] Remaining iterations 337856
[INFO] Current sample [2.620807211301079, 4.038467297515185, 9.881905762027575, 0.04147199662954299, 8.500325777885514].
[INFO] Current loglikelihood -82.62866591901151.
[INFO] Iteration 278528.
[INFO] Current time 2025-01-16T12:01:14.547.
[INFO] Elapsed time 60.92353296279907 seconds.
[INFO] Acceptance ratio 0.2640380859375.
[INFO] Number of proposed samples with infinite loglikelihood: 1479 of the last 16384 iterations.
[INFO] Remaining time 604739.0764639378 seconds
[INFO] Remaining iterations 321472
[INFO] Current sample [5.379594179753474, 5.036334385273678, 10.259962416242946, 0.017972634433516755, 5.977414007158836].
[INFO] Current loglikelihood -84.44587721698694.
[INFO] Iteration 294912.
[INFO] Current time 2025-01-16T12:01:18.100.
[INFO] Elapsed time 64.47618007659912 seconds.
[INFO] Acceptance ratio 0.256103515625.
[INFO] Number of proposed samples with infinite loglikelihood: 1491 of the last 16384 iterations.
[INFO] Remaining time 604735.523816824 seconds
[INFO] Remaining iterations 305088
[INFO] Current sample [5.0024028086776084, 4.508039219034328, 13.552000153687294, 0.02998497446497336, 7.483287086531745].
[INFO] Current loglikelihood -83.80500558108783.
[INFO] Iteration 311296.
[INFO] Current time 2025-01-16T12:01:21.681.
[INFO] Elapsed time 68.05788612365723 seconds.
[INFO] Acceptance ratio 0.25689697265625.
[INFO] Number of proposed samples with infinite loglikelihood: 1555 of the last 16384 iterations.
[INFO] Remaining time 604731.9421110153 seconds
[INFO] Remaining iterations 288704
[INFO] Current sample [5.299307197377862, 3.921121551701648, 15.528362839121908, 0.04428241950297204, 7.515595543177126].
[INFO] Current loglikelihood -83.0837373602366.
[INFO] Iteration 327680.
[INFO] Current time 2025-01-16T12:01:25.247.
[INFO] Elapsed time 71.62377405166626 seconds.
[INFO] Acceptance ratio 0.2557373046875.
[INFO] Number of proposed samples with infinite loglikelihood: 1640 of the last 16384 iterations.
[INFO] Remaining time 604728.3762228489 seconds
[INFO] Remaining iterations 272320
[INFO] Current sample [5.186269781816942, 5.514311762779803, 9.992421758691943, 0.024647049541201664, 5.50613957511268].
[INFO] Current loglikelihood -87.20875717265451.
[INFO] Iteration 344064.
[INFO] Current time 2025-01-16T12:01:28.822.
[INFO] Elapsed time 75.19899201393127 seconds.
[INFO] Acceptance ratio 0.2574462890625.
[INFO] Number of proposed samples with infinite loglikelihood: 1604 of the last 16384 iterations.
[INFO] Remaining time 604724.801003933 seconds
[INFO] Remaining iterations 255936
[INFO] Current sample [4.985909461757999, 4.193899216265818, 13.942119653409922, 0.02157103876049185, 7.263935464271914].
[INFO] Current loglikelihood -84.57591671840595.
[INFO] Iteration 360448.
[INFO] Current time 2025-01-16T12:01:32.361.
[INFO] Elapsed time 78.7379961013794 seconds.
[INFO] Acceptance ratio 0.2564697265625.
[INFO] Number of proposed samples with infinite loglikelihood: 1605 of the last 16384 iterations.
[INFO] Remaining time 604721.2619998455 seconds
[INFO] Remaining iterations 239552
[INFO] Current sample [4.195350873323802, 4.228689621936159, 12.237895890780496, 0.020252453187416076, 8.394404498488715].
[INFO] Current loglikelihood -82.30457128172529.
[INFO] Iteration 376832.
[INFO] Current time 2025-01-16T12:01:35.926.
[INFO] Elapsed time 82.30281209945679 seconds.
[INFO] Acceptance ratio 0.25482177734375.
[INFO] Number of proposed samples with infinite loglikelihood: 1608 of the last 16384 iterations.
[INFO] Remaining time 604717.6971848011 seconds
[INFO] Remaining iterations 223168
[INFO] Current sample [4.534547258294895, 4.473630072865547, 14.597893856403658, 0.0216152426780421, 9.213914803802671].
[INFO] Current loglikelihood -83.80014137215692.
[INFO] Iteration 393216.
[INFO] Current time 2025-01-16T12:01:39.540.
[INFO] Elapsed time 85.91625213623047 seconds.
[INFO] Acceptance ratio 0.260986328125.
[INFO] Number of proposed samples with infinite loglikelihood: 1482 of the last 16384 iterations.
[INFO] Remaining time 604714.0837450027 seconds
[INFO] Remaining iterations 206784
[INFO] Current sample [6.169453001978543, 4.55885084440838, 14.131164150403237, 0.02106458905664971, 5.652802116013184].
[INFO] Current loglikelihood -85.66474800792213.
[INFO] Iteration 409600.
[INFO] Current time 2025-01-16T12:01:43.071.
[INFO] Elapsed time 89.44719314575195 seconds.
[INFO] Acceptance ratio 0.255126953125.
[INFO] Number of proposed samples with infinite loglikelihood: 1567 of the last 16384 iterations.
[INFO] Remaining time 604710.5528028011 seconds
[INFO] Remaining iterations 190400
[INFO] Current sample [2.4649027662330276, 3.980292146723254, 9.15131559344218, 0.0490465429274065, 9.418619839086059].
[INFO] Current loglikelihood -82.21175319528949.
[INFO] Iteration 425984.
[INFO] Current time 2025-01-16T12:01:46.616.
[INFO] Elapsed time 92.99303817749023 seconds.
[INFO] Acceptance ratio 0.249755859375.
[INFO] Number of proposed samples with infinite loglikelihood: 1774 of the last 16384 iterations.
[INFO] Remaining time 604707.0069589615 seconds
[INFO] Remaining iterations 174016
[INFO] Current sample [4.788117777112829, 4.558423577716269, 10.500760087730086, 0.03620509741883424, 6.349728396312091].
[INFO] Current loglikelihood -84.99410528394806.
[INFO] Iteration 442368.
[INFO] Current time 2025-01-16T12:01:50.157.
[INFO] Elapsed time 96.53314518928528 seconds.
[INFO] Acceptance ratio 0.25494384765625.
[INFO] Number of proposed samples with infinite loglikelihood: 1487 of the last 16384 iterations.
[INFO] Remaining time 604703.466850996 seconds
[INFO] Remaining iterations 157632
[INFO] Current sample [6.56064574383553, 5.3705212275681475, 11.056381896221136, 0.02377411735968965, 4.75797712731718].
[INFO] Current loglikelihood -87.53867092422605.
[INFO] Iteration 458752.
[INFO] Current time 2025-01-16T12:01:53.684.
[INFO] Elapsed time 100.06030511856079 seconds.
[INFO] Acceptance ratio 0.25103759765625.
[INFO] Number of proposed samples with infinite loglikelihood: 1574 of the last 16384 iterations.
[INFO] Remaining time 604699.9396908283 seconds
[INFO] Remaining iterations 141248
[INFO] Current sample [3.7895946913274923, 3.9781218823725597, 13.313118764920189, 0.04163562781556637, 8.704165036037848].
[INFO] Current loglikelihood -81.81853361476175.
[INFO] Iteration 475136.
[INFO] Current time 2025-01-16T12:01:57.180.
[INFO] Elapsed time 103.55619096755981 seconds.
[INFO] Acceptance ratio 0.252685546875.
[INFO] Number of proposed samples with infinite loglikelihood: 1676 of the last 16384 iterations.
[INFO] Remaining time 604696.4438049793 seconds
[INFO] Remaining iterations 124864
[INFO] Current sample [2.8522549611536214, 3.9861785815044066, 6.79573980602366, 0.031158479934046798, 7.292668873634785].
[INFO] Current loglikelihood -83.97677442066474.
[INFO] Iteration 491520.
[INFO] Current time 2025-01-16T12:02:00.722.
[INFO] Elapsed time 107.09861707687378 seconds.
[INFO] Acceptance ratio 0.25799560546875.
[INFO] Number of proposed samples with infinite loglikelihood: 1509 of the last 16384 iterations.
[INFO] Remaining time 604692.9013798237 seconds
[INFO] Remaining iterations 108480
[INFO] Current sample [3.936001452791883, 4.343525021012366, 13.2211088229338, 0.03926885925381424, 9.400480696871515].
[INFO] Current loglikelihood -83.86029071247425.
[INFO] Iteration 507904.
[INFO] Current time 2025-01-16T12:02:04.292.
[INFO] Elapsed time 110.66833114624023 seconds.
[INFO] Acceptance ratio 0.256591796875.
[INFO] Number of proposed samples with infinite loglikelihood: 1548 of the last 16384 iterations.
[INFO] Remaining time 604689.3316648006 seconds
[INFO] Remaining iterations 92096
[INFO] Current sample [3.7724881232004783, 4.245296377038061, 12.872619303873103, 0.0495526714923686, 8.448291881042556].
[INFO] Current loglikelihood -83.78372195272154.
[INFO] Iteration 524288.
[INFO] Current time 2025-01-16T12:02:07.856.
[INFO] Elapsed time 114.23291301727295 seconds.
[INFO] Acceptance ratio 0.2567138671875.
[INFO] Number of proposed samples with infinite loglikelihood: 1582 of the last 16384 iterations.
[INFO] Remaining time 604685.7670838833 seconds
[INFO] Remaining iterations 75712
[INFO] Current sample [3.0488930348565835, 3.9766012445929975, 10.385535352095262, 0.020033337061267108, 9.238082722439128].
[INFO] Current loglikelihood -82.26180782086121.
[INFO] Iteration 540672.
[INFO] Current time 2025-01-16T12:02:11.363.
[INFO] Elapsed time 117.73922300338745 seconds.
[INFO] Acceptance ratio 0.2559814453125.
[INFO] Number of proposed samples with infinite loglikelihood: 1704 of the last 16384 iterations.
[INFO] Remaining time 604682.2607729435 seconds
[INFO] Remaining iterations 59328
[INFO] Current sample [3.665616631532523, 4.5917289636826535, 11.853488717297806, 0.04817371933062947, 8.341387913751086].
[INFO] Current loglikelihood -85.53970787316987.
[INFO] Iteration 557056.
[INFO] Current time 2025-01-16T12:02:14.950.
[INFO] Elapsed time 121.32644701004028 seconds.
[INFO] Acceptance ratio 0.25787353515625.
[INFO] Number of proposed samples with infinite loglikelihood: 1602 of the last 16384 iterations.
[INFO] Remaining time 604678.6735489368 seconds
[INFO] Remaining iterations 42944
[INFO] Current sample [3.3215302337775174, 4.668217986883012, 10.904082327558953, 0.014337667974965815, 9.195419850695188].
[INFO] Current loglikelihood -84.78700951140398.
[INFO] Iteration 573440.
[INFO] Current time 2025-01-16T12:02:18.484.
[INFO] Elapsed time 124.86098718643188 seconds.
[INFO] Acceptance ratio 0.25885009765625.
[INFO] Number of proposed samples with infinite loglikelihood: 1575 of the last 16384 iterations.
[INFO] Remaining time 604675.1390089989 seconds
[INFO] Remaining iterations 26560
[INFO] Current sample [4.475916709765104, 4.793410186360106, 12.703146074608151, 0.0068517298797236646, 7.590896994459642].
[INFO] Current loglikelihood -84.3618515101744.
[INFO] Iteration 589824.
[INFO] Current time 2025-01-16T12:02:22.035.
[INFO] Elapsed time 128.4120490550995 seconds.
[INFO] Acceptance ratio 0.2572021484375.
[INFO] Number of proposed samples with infinite loglikelihood: 1471 of the last 16384 iterations.
[INFO] Remaining time 604671.5879468918 seconds
[INFO] Remaining iterations 10176
[INFO] Current sample [3.6477704848634183, 4.021800137376109, 15.106504529047651, 0.06497329895574919, 9.181237672789202].
[INFO] Current loglikelihood -84.09977899787982.
[INFO] Iteration 600000.
[INFO] Current time 2025-01-16T12:02:24.242.
[INFO] Elapsed time 130.61871600151062 seconds.
[INFO] Acceptance ratio 0.25452044025157233.
[INFO] Number of proposed samples with infinite loglikelihood: 937 of the last 10176 iterations.
[INFO] Remaining time 604669.3812799454 seconds
[INFO] Remaining iterations 0
[INFO] Current sample [4.641558305615062, 4.7393454733707125, 11.95461241572832, 0.029719487809929484, 8.10589263183781].
[INFO] Current loglikelihood -85.20288439689998.
[INFO] END STATUS
[INFO]     current time 2025-01-16T12:02:24.276.
[INFO]     elapsed time: 130.6525809764862 seconds.
[INFO]     timeout: false.
[INFO]     max iters reached: true.
[INFO]     number of unique samples: 150930.
[INFO]     number of proposed samples with infinite loglikelihood: 56602
[INFO]     samples filesize:
[INFO]         header: 3 (24 bytes).
[INFO]         samples: 600000.0 (24000000 bytes).
[INFO]         total: 24000024 bytes (eof at 24000024).
[INFO]     MH Config:
[INFO]         samples_write_buffer_size: 16384
[INFO]         samples_write_file: data/se2i2r_kalman_param_samples.f64_array.bin
[INFO]         maxiters: 600000
[INFO]         nparams: 5
[INFO]         max_time_sec: 604800.0
[INFO]         init_sample: [3.0, 6.0, 12.0, 0.1, 10.0]
[INFO]         verbose: true
[INFO]         info_file: data/se2i2r_kalman.info.txt
[INFO]         adaptive: true
[INFO]         nadapt: 65536
[INFO]         adapt_cov_scale: 0.8
[INFO]         continue_from_write_file: false
