env: 
  blas_num_threads: 1

model:
  stateprocess:
    params:
      E_state_count: 2
      I_state_count: 2
      is_time_homogeneous: false
      timestamps: [0.0, 10.0, 20.0, 30.0, 40.0, 50.0, 60.0, 70.0, 80.0, 90.0]
      R_0: [1.1, 1.1, 1.1, 1.1, 1.1, 1.1, 1.1, 1.1, 1.1, 1.1]
      T_E: [5.0, 5.0, 5.0, 5.0, 5.0, 5.0, 5.0, 5.0, 5.0, 5.0]
      T_I: [8.0, 8.0, 8.0, 8.0, 8.0, 8.0, 8.0, 8.0, 8.0, 8.0]
      observation_probability: 0.8
      immigration_rate: [0.0, 0.0, 0.0, 0.0]
    # [E, E, I, I, O, R]
    initial_state: [10, 0, 0, 0, 0, 0]
  observation:
    mean: [0.0]
    cov: [1.0]

inference:
  data_filename: data/observations.csv
  likelihood_approx:
    method: particle_filter
    switch:
      threshold: 20
      seed: 1516171819
    particle_filter:
      seed: [123, 456, 789, 101112, 131415, 161718, 192021]
      nparticles: 20
  prior_parameters:
    T_E:
      shape: 5.0
      scale: 1.0
    T_I:
      shape: 4.0
      scale: 2.0
    R_0_1:
      shape: 1.1
      scale: 1.0
    R_0_t:
      sigma: 0.25
  proposal_parameters:
    mean: [0.0, 0.0, 0.0, 0.0, 0.0, 0.0, 0.0, 0.0, 0.0, 0.0, 0.0, 0.0]
    # cov: [1.0, 0.0, 0.0, 0.0, 0.0, 0.0, 0.0, 0.0, 0.0, 0.0, 0.0, 0.0, 0.0, 1.0, 0.0, 0.0, 0.0, 0.0, 0.0, 0.0, 0.0, 0.0, 0.0, 0.0, 0.0, 0.0, 1.0, 0.0, 0.0, 0.0, 0.0, 0.0, 0.0, 0.0, 0.0, 0.0, 0.0, 0.0, 0.0, 1.0, 0.0, 0.0, 0.0, 0.0, 0.0, 0.0, 0.0, 0.0, 0.0, 0.0, 0.0, 0.0, 1.0, 0.0, 0.0, 0.0, 0.0, 0.0, 0.0, 0.0, 0.0, 0.0, 0.0, 0.0, 0.0, 1.0, 0.0, 0.0, 0.0, 0.0, 0.0, 0.0, 0.0, 0.0, 0.0, 0.0, 0.0, 0.0, 1.0, 0.0, 0.0, 0.0, 0.0, 0.0, 0.0, 0.0, 0.0, 0.0, 0.0, 0.0, 0.0, 1.0, 0.0, 0.0, 0.0, 0.0, 0.0, 0.0, 0.0, 0.0, 0.0, 0.0, 0.0, 0.0, 1.0, 0.0, 0.0, 0.0, 0.0, 0.0, 0.0, 0.0, 0.0, 0.0, 0.0, 0.0, 0.0, 1.0, 0.0, 0.0, 0.0, 0.0, 0.0, 0.0, 0.0, 0.0, 0.0, 0.0, 0.0, 0.0, 1.0, 0.0, 0.0, 0.0, 0.0, 0.0, 0.0, 0.0, 0.0, 0.0, 0.0, 0.0, 0.0, 1.0]
    cov: [0.002309194067507643, -0.0011689219958972567, 0.0005188660243750725, 0.0003871386940351092, 0.0002911594817421315, 0.00015431009886379972, 3.2839312684617146e-5, 3.044183365873395e-5, -0.00011875433178530762, -9.808046621176728e-5, -4.6908410889853946e-5, -8.534462274681713e-5, -0.0011689219958972567, 0.004675600163511427, 0.0009160913196754575, 0.0006863689982840532, 0.0005385577391813202, 0.0005079641544315666, 0.00018475902614196782, 0.00011774021978364325, 4.852924839567086e-5, -8.25856418775476e-5, -0.00013662046461237348, -7.766640119475152e-5, 0.0005188660243750725, 0.0009160913196754575, 0.000856957355141367, 0.0004443544964619479, 0.0002656446234273471, 0.00020147608148700187, 6.310038192616608e-5, 4.5072750199399975e-5, -2.9499233940710303e-5, -6.0035815383967394e-5, -5.563308307881236e-5, -5.873884647099773e-5, 0.0003871386940351092, 0.0006863689982840532, 0.0004443544964619479, 0.0004961432425876748, 0.00021876170887694105, 0.00015159144752151872, 4.9761038288398724e-5, 3.24782818916167e-5, -2.148496266747422e-5, -4.471510824053862e-5, -4.247370128880809e-5, -4.085009797857029e-5, 0.0002911594817421315, 0.0005385577391813202, 0.0002656446234273471, 0.00021876170887694105, 0.00024697480451207454, 0.00011226625324904439, 3.856622676686674e-5, 2.5739512710587506e-5, -1.6570209991109956e-5, -3.3795136974870314e-5, -3.313611337032964e-5, -3.122351041468166e-5, 0.00015431009886379972, 0.0005079641544315666, 0.00020147608148700187, 0.00015159144752151872, 0.00011226625324904439, 0.00012750283054519402, 2.6659292963396825e-5, 2.2483197228447575e-5, -1.01157513693633e-5, -2.5214837475768495e-5, -2.657475747777924e-5, -2.2896390346203134e-5, 3.2839312684617146e-5, 0.00018475902614196782, 6.310038192616608e-5, 4.9761038288398724e-5, 3.856622676686674e-5, 2.6659292963396825e-5, 2.1360418232908272e-5, 4.5112989113924484e-6, -1.461814582479768e-6, -7.83401711842118e-6, -8.272969915542409e-6, -7.28709214326512e-6, 3.044183365873395e-5, 0.00011774021978364325, 4.5072750199399975e-5, 3.24782818916167e-5, 2.5739512710587506e-5, 2.2483197228447575e-5, 4.5112989113924484e-6, 1.1992095301138867e-5, -3.870262168364316e-6, -4.8591414899316505e-6, -5.957507079147321e-6, -5.0110300135451295e-6, -0.00011875433178530762, 4.852924839567086e-5, -2.9499233940710303e-5, -2.148496266747422e-5, -1.6570209991109956e-5, -1.01157513693633e-5, -1.461814582479768e-6, -3.870262168364316e-6, 1.0114336363241397e-5, 3.716969761282963e-6, 3.053672228497802e-6, 5.250127249924234e-6, -9.808046621176728e-5, -8.25856418775476e-5, -6.0035815383967394e-5, -4.471510824053862e-5, -3.3795136974870314e-5, -2.5214837475768495e-5, -7.83401711842118e-6, -4.8591414899316505e-6, 3.716969761282963e-6, 1.3310836532726815e-5, 5.828655005463683e-6, 8.025399672306022e-6, -4.6908410889853946e-5, -0.00013662046461237348, -5.563308307881236e-5, -4.247370128880809e-5, -3.313611337032964e-5, -2.657475747777924e-5, -8.272969915542409e-6, -5.957507079147321e-6, 3.053672228497802e-6, 5.828655005463683e-6, 1.64707572385684e-5, 7.884667595195889e-7, -8.534462274681713e-5, -7.766640119475152e-5, -5.873884647099773e-5, -4.085009797857029e-5, -3.122351041468166e-5, -2.2896390346203134e-5, -7.28709214326512e-6, -5.0110300135451295e-6, 5.250127249924234e-6, 8.025399672306022e-6, 7.884667595195889e-7, 3.800012254104155e-5]
  mh_config:
    seed: 1011121314
    buffer_size: 8192
    outfilename: data/vic_covid_64particle_param_samples.f64_array.bin
    max_iters: 315536
    nparams: 12
    max_time_sec: 604800.0 # 1 week!
    # [T_E, T_I, R_0_1, R_0_2, ..., R_0_10]
    init_sample: [5.0, 2.2, 3.0, 2.0, 2.0, 2.0, 1.308543116255742, 1.5, 0.5, 0.5, 0.5, 0.5]
    verbose: true
    infofilename: data/vic_covid_64particle.info.txt
    adaptive: true
    nadapt: 65536
    adapt_cov_scale: 0.34
    continue: false