env: 
  blas_num_threads: 1

model:
  stateprocess:
    params:
      E_state_count: 2
      I_state_count: 2
      is_time_homogeneous: false
      timestamps: [0.0, 10.0, 20.0, 30.0, 40.0, 50.0, 60.0, 70.0, 80.0, 90.0]
      R_0: [1.1, 1.1, 1.1, 1.1, 1.1, 1.1, 1.1, 1.1, 1.1, 1.1]
      T_E: [5.0, 5.0, 5.0, 5.0, 5.0, 5.0, 5.0, 5.0, 5.0, 5.0]
      T_I: [8.0, 8.0, 8.0, 8.0, 8.0, 8.0, 8.0, 8.0, 8.0, 8.0]
      observation_probability: 0.8
      immigration_rate: [0.0, 0.0, 0.0, 0.0]
    # [E, E, I, I, O, R]
    initial_state: [10, 0, 0, 0, 0, 0]
  observation:
    mean: [0.0]
    cov: [1.0]

inference:
  data_filename: data/observations.csv
  likelihood_approx:
    method: kalman_filter
    switch:
      threshold: 20
      seed: 1516171819
    particle_filter:
      seed: 67890
      nparticles: 256
      multithreadded: false
  prior_parameters:
    T_E:
      shape: 5.0
      scale: 1.0
    T_I:
      shape: 4.0
      scale: 2.0
    R_0_1:
      shape: 1.1
      scale: 1.0
    R_0_t:
      sigma: 0.25
  proposal_parameters:
    mean: [0.0, 0.0, 0.0, 0.0, 0.0, 0.0, 0.0, 0.0, 0.0, 0.0, 0.0, 0.0]
    # cov: [1.0, 0.0, 0.0, 0.0, 0.0, 0.0, 0.0, 0.0, 0.0, 0.0, 0.0, 0.0, 0.0, 1.0, 0.0, 0.0, 0.0, 0.0, 0.0, 0.0, 0.0, 0.0, 0.0, 0.0, 0.0, 0.0, 1.0, 0.0, 0.0, 0.0, 0.0, 0.0, 0.0, 0.0, 0.0, 0.0, 0.0, 0.0, 0.0, 1.0, 0.0, 0.0, 0.0, 0.0, 0.0, 0.0, 0.0, 0.0, 0.0, 0.0, 0.0, 0.0, 1.0, 0.0, 0.0, 0.0, 0.0, 0.0, 0.0, 0.0, 0.0, 0.0, 0.0, 0.0, 0.0, 1.0, 0.0, 0.0, 0.0, 0.0, 0.0, 0.0, 0.0, 0.0, 0.0, 0.0, 0.0, 0.0, 1.0, 0.0, 0.0, 0.0, 0.0, 0.0, 0.0, 0.0, 0.0, 0.0, 0.0, 0.0, 0.0, 1.0, 0.0, 0.0, 0.0, 0.0, 0.0, 0.0, 0.0, 0.0, 0.0, 0.0, 0.0, 0.0, 1.0, 0.0, 0.0, 0.0, 0.0, 0.0, 0.0, 0.0, 0.0, 0.0, 0.0, 0.0, 0.0, 1.0, 0.0, 0.0, 0.0, 0.0, 0.0, 0.0, 0.0, 0.0, 0.0, 0.0, 0.0, 0.0, 1.0, 0.0, 0.0, 0.0, 0.0, 0.0, 0.0, 0.0, 0.0, 0.0, 0.0, 0.0, 0.0, 1.0]
    cov: [0.07697313558358809, -0.03896406652990855, 0.01729553414583575, 0.01290462313450364, 0.00970531605807105, 0.005143669962126657, 0.0010946437561539049, 0.001014727788624465, -0.003958477726176921, -0.003269348873725576, -0.0015636136963284649, -0.0028448207582272376, -0.03896406652990855, 0.1558533387837142, 0.03053637732251525, 0.02287896660946844, 0.01795192463937734, 0.016932138481052218, 0.00615863420473226, 0.003924673992788109, 0.0016176416131890288, -0.0027528547292515865, -0.004554015487079116, -0.0025888800398250504, 0.01729553414583575, 0.03053637732251525, 0.0285652451713789, 0.014811816548731595, 0.008854820780911571, 0.0067158693829000625, 0.002103346064205536, 0.0015024250066466658, -0.0009833077980236768, -0.0020011938461322464, -0.0018544361026270788, -0.001957961549033258, 0.01290462313450364, 0.02287896660946844, 0.014811816548731595, 0.016538108086255828, 0.007292056962564702, 0.005053048250717291, 0.0016587012762799575, 0.0010826093963872234, -0.0007161654222491405, -0.001490503608017954, -0.0014157900429602696, -0.0013616699326190096, 0.00970531605807105, 0.01795192463937734, 0.008854820780911571, 0.007292056962564702, 0.008232493483735817, 0.0037422084416348133, 0.0012855408922288914, 0.0008579837570195834, -0.0005523403330369985, -0.0011265045658290106, -0.0011045371123443214, -0.0010407836804893886, 0.005143669962126657, 0.016932138481052218, 0.0067158693829000625, 0.005053048250717291, 0.0037422084416348133, 0.004250094351506467, 0.0008886430987798941, 0.0007494399076149192, -0.00033719171231211, -0.0008404945825256166, -0.000885825249259308, -0.0007632130115401044, 0.0010946437561539049, 0.00615863420473226, 0.002103346064205536, 0.0016587012762799575, 0.0012855408922288914, 0.0008886430987798941, 0.0007120139410969424, 0.0001503766303797483, -4.87271527493256e-5, -0.00026113390394737267, -0.00027576566385141365, -0.00024290307144217064, 0.001014727788624465, 0.003924673992788109, 0.0015024250066466658, 0.0010826093963872234, 0.0008579837570195834, 0.0007494399076149192, 0.0001503766303797483, 0.00039973651003796226, -0.0001290087389454772, -0.00016197138299772168, -0.0001985835693049107, -0.00016703433378483765, -0.003958477726176921, 0.0016176416131890288, -0.0009833077980236768, -0.0007161654222491405, -0.0005523403330369985, -0.00033719171231211, -4.87271527493256e-5, -0.0001290087389454772, 0.0003371445454413799, 0.00012389899204276543, 0.00010178907428326007, 0.00017500424166414113, -0.003269348873725576, -0.0027528547292515865, -0.0020011938461322464, -0.001490503608017954, -0.0011265045658290106, -0.0008404945825256166, -0.00026113390394737267, -0.00016197138299772168, 0.00012389899204276543, 0.0004436945510908938, 0.00019428850018212275, 0.00026751332241020074, -0.0015636136963284649, -0.004554015487079116, -0.0018544361026270788, -0.0014157900429602696, -0.0011045371123443214, -0.000885825249259308, -0.00027576566385141365, -0.0001985835693049107, 0.00010178907428326007, 0.00019428850018212275, 0.0005490252412856133, 2.628222531731963e-5, -0.0028448207582272376, -0.0025888800398250504, -0.001957961549033258, -0.0013616699326190096, -0.0010407836804893886, -0.0007632130115401044, -0.00024290307144217064, -0.00016703433378483765, 0.00017500424166414113, 0.00026751332241020074, 2.628222531731963e-5, 0.0012666707513680517]
  mh_config:
    seed: 1011121314
    buffer_size: 16384
    outfilename: data/vic_covid_kalman_param_samples.f64_array.bin
    max_iters: 581072
    nparams: 12
    max_time_sec: 604800.0 # 1 week!
    # [T_E, T_I, R_0_1, R_0_2, ..., R_0_10]
    init_sample: [5.512231896702319, 2.2424282746167044, 3.052567146402341, 2.0765028601498594, 2.1250276943849364, 1.9684228281307574, 1.308543116255742, 1.3163021769624983, 0.665296729826877, 0.574478911175419, 0.6271022345975853, 0.6532500136848389]
    verbose: true
    infofilename: data/vic_covid_kalman.info.txt
    adaptive: true
    nadapt: 131072
    adapt_cov_scale: 0.34
    continue: false