env: 
  blas_num_threads: 1

model:
  stateprocess:
    params:
      E_state_count: 2
      I_state_count: 2
      is_time_homogeneous: false
      timestamps: [0.0, 10.0, 20.0, 30.0, 40.0, 50.0, 60.0, 70.0, 80.0, 90.0]
      R_0: [1.1, 1.1, 1.1, 1.1, 1.1, 1.1, 1.1, 1.1, 1.1, 1.1]
      T_E: [5.0, 5.0, 5.0, 5.0, 5.0, 5.0, 5.0, 5.0, 5.0, 5.0]
      T_I: [8.0, 8.0, 8.0, 8.0, 8.0, 8.0, 8.0, 8.0, 8.0, 8.0]
      observation_probability: 0.8
      immigration_rate: [0.0, 0.0, 0.0, 0.0]
    # [E, E, I, I, O, R]
    initial_state: [10, 0, 0, 0, 0, 0]
  observation:
    mean: [0.0]
    cov: [2500.0]

inference:
  data_filename: data/observations.csv
  likelihood_approx:
    method: particle_filter
    switch:
      threshold: 20
      seed: 1516171819
    particle_filter:
      seed: 1234
      nparticles: 512
      multithreadding: true
  prior_parameters:
    T_E:
      shape: 5.0
      scale: 1.0
    T_I:
      shape: 4.0
      scale: 2.0
    R_0_1:
      shape: 1.1
      scale: 1.0
    R_0_t:
      sigma: 0.25
  proposal_parameters:
    mean: [0.0, 0.0, 0.0, 0.0, 0.0, 0.0, 0.0, 0.0, 0.0, 0.0, 0.0, 0.0]
    # cov: [1.0, 0.0, 0.0, 0.0, 0.0, 0.0, 0.0, 0.0, 0.0, 0.0, 0.0, 0.0, 0.0, 1.0, 0.0, 0.0, 0.0, 0.0, 0.0, 0.0, 0.0, 0.0, 0.0, 0.0, 0.0, 0.0, 1.0, 0.0, 0.0, 0.0, 0.0, 0.0, 0.0, 0.0, 0.0, 0.0, 0.0, 0.0, 0.0, 1.0, 0.0, 0.0, 0.0, 0.0, 0.0, 0.0, 0.0, 0.0, 0.0, 0.0, 0.0, 0.0, 1.0, 0.0, 0.0, 0.0, 0.0, 0.0, 0.0, 0.0, 0.0, 0.0, 0.0, 0.0, 0.0, 1.0, 0.0, 0.0, 0.0, 0.0, 0.0, 0.0, 0.0, 0.0, 0.0, 0.0, 0.0, 0.0, 1.0, 0.0, 0.0, 0.0, 0.0, 0.0, 0.0, 0.0, 0.0, 0.0, 0.0, 0.0, 0.0, 1.0, 0.0, 0.0, 0.0, 0.0, 0.0, 0.0, 0.0, 0.0, 0.0, 0.0, 0.0, 0.0, 1.0, 0.0, 0.0, 0.0, 0.0, 0.0, 0.0, 0.0, 0.0, 0.0, 0.0, 0.0, 0.0, 1.0, 0.0, 0.0, 0.0, 0.0, 0.0, 0.0, 0.0, 0.0, 0.0, 0.0, 0.0, 0.0, 1.0, 0.0, 0.0, 0.0, 0.0, 0.0, 0.0, 0.0, 0.0, 0.0, 0.0, 0.0, 0.0, 1.0]
    cov: [0.08022446326605424, -0.04170779391390046, 0.01719206730726162, 0.013321630304005239, 0.009857060187708126, 0.004861068567876327, 0.000961304566253828, 0.0010751881205451634, -0.004120600619200065, -0.0031318075811764064, -0.0021172015319529973, -0.0022844193878900593, -0.04170779391390046, 0.1460631226554579, 0.02423758460997144, 0.020836025164707145, 0.015657485170459645, 0.0152342307349349, 0.005724723913127213, 0.0035226125398797534, 0.0016434680332197713, -0.0019997762842183012, -0.0034509033058177964, -0.0025126016970662348, 0.01719206730726162, 0.02423758460997144, 0.027280441238257336, 0.014041491278052638, 0.008292061632898598, 0.0056776939011118615, 0.001968749152987436, 0.0013296431063946083, -0.001112737008091268, -0.001564869728544592, -0.0016449053840795044, -0.0015735413159403736, 0.013321630304005239, 0.020836025164707145, 0.014041491278052638, 0.01634399952825094, 0.006876680559053179, 0.004765035511621555, 0.0014612937865549722, 0.0011435406666054442, -0.0008502305508383219, -0.0012817505780207436, -0.001347049782519912, -0.0012533816522099087, 0.009857060187708126, 0.015657485170459645, 0.008292061632898598, 0.006876680559053179, 0.007650933781120213, 0.00339962060897931, 0.001179696242105152, 0.000792935760106085, -0.0006121786752602316, -0.000992380465131596, -0.0010242026567681278, -0.0009177483251962531, 0.004861068567876327, 0.0152342307349349, 0.0056776939011118615, 0.004765035511621555, 0.00339962060897931, 0.00394098155389546, 0.0008149383910735969, 0.000682463257424563, -0.0003241467884823069, -0.0006991314240845265, -0.0008129408497777199, -0.0006532626717285268, 0.000961304566253828, 0.005724723913127213, 0.001968749152987436, 0.0014612937865549722, 0.001179696242105152, 0.0008149383910735969, 0.000720664007089593, 0.00013890401416798075, -4.360521819230845e-5, -0.00022963102385775916, -0.0002325987345475906, -0.00022924683584563417, 0.0010751881205451634, 0.0035226125398797534, 0.0013296431063946083, 0.0011435406666054442, 0.000792935760106085, 0.000682463257424563, 0.00013890401416798075, 0.0004074559746655366, -0.00013233216942405438, -0.00013611379699348807, -0.00018666982799591043, -0.00015421323026756461, -0.004120600619200065, 0.0016434680332197713, -0.001112737008091268, -0.0008502305508383219, -0.0006121786752602316, -0.0003241467884823069, -4.360521819230845e-5, -0.00013233216942405438, 0.0003570599796155094, 0.00010602065912755416, 0.00014692278525730066, 0.00014886308494228918, -0.0031318075811764064, -0.0019997762842183012, -0.001564869728544592, -0.0012817505780207436, -0.000992380465131596, -0.0006991314240845265, -0.00022963102385775916, -0.00013611379699348807, 0.00010602065912755416, 0.0004100567076193643, 0.0001488061518957852, 0.00021275340711853294, -0.0021172015319529973, -0.0034509033058177964, -0.0016449053840795044, -0.001347049782519912, -0.0010242026567681278, -0.0008129408497777199, -0.0002325987345475906, -0.00018666982799591043, 0.00014692278525730066, 0.0001488061518957852, 0.00056261838049766, 3.826679508784486e-6, -0.0022844193878900593, -0.0025126016970662348, -0.0015735413159403736, -0.0012533816522099087, -0.0009177483251962531, -0.0006532626717285268, -0.00022924683584563417, -0.00015421323026756461, 0.00014886308494228918, 0.00021275340711853294, 3.826679508784486e-6, 0.0011964794348507844]
  mh_config:
    seed: 1011121314
    buffer_size: 1024
    outfilename: data/vic_covid_particle_param_samples.f64_array.bin
    max_iters: 315536
    nparams: 12
    max_time_sec: 604800.0 # 1 week!
    # [T_E, T_I, R_0_1, R_0_2, ..., R_0_10]
    init_sample: [4.720107291408679, 3.3936792618569176, 2.714227086952859, 2.310631666145148, 2.272840068379986, 2.0007566893252893, 1.302411695494696, 1.3594761657700734, 0.7110036447140546, 0.5854202640861014, 0.583168644643432, 0.6116187474175357]
    verbose: true
    infofilename: data/vic_covid_particle.info.txt
    adaptive: true
    nadapt: 65536
    adapt_cov_scale: 0.34
    continue: false