[INFO] Iteration 16384.
[INFO] Current time 2025-03-31T16:49:54.696.
[INFO] Elapsed time 502.33085584640503 seconds.
[INFO] Acceptance ratio 0.25909423828125.
[INFO] Number of proposed samples with infinite loglikelihood: 0 of the last 16384 iterations.
[INFO] Remaining time 604297.66913414 seconds
[INFO] Remaining iterations 814688
[INFO] Current sample [1.6769132202924864, 1.4542333665684761, 1.1816334534004371, 1.1374223324733652, 1.709608330714345, -79.39761678890025].
[INFO] Current loglikelihood -76.92787867222475.
[INFO] Adapting proposal at iteration 16384.
[INFO] Proposal at iteration 16384: MutableMvNormal{FullNormal}(FullNormal(
dim: 5
μ: [1.6769132202924864, 1.4542333665684761, 1.1816334534004371, 1.1374223324733652, 1.709608330714345]
Σ: [0.016788977936180286 0.0038499162918270197 0.00986941767269595 0.006976492013374352 0.00943235987074121; 0.0038499162918270197 0.01723687686662624 0.00951191204991331 0.007529350342415605 0.013091021539629275; 0.00986941767269595 0.00951191204991331 0.027872381412962076 0.025613492184827835 0.03497991291962825; 0.006976492013374352 0.007529350342415605 0.025613492184827835 0.039792785010296365 0.05060146938622702; 0.00943235987074121 0.013091021539629275 0.03497991291962825 0.05060146938622702 0.08129526399610204]
)
)
[INFO] Iteration 32768.
[INFO] Current time 2025-03-31T16:57:38.163.
[INFO] Elapsed time 965.7614858150482 seconds.
[INFO] Acceptance ratio 0.218994140625.
[INFO] Number of proposed samples with infinite loglikelihood: 26 of the last 16384 iterations.
[INFO] Remaining time 603834.2384960651 seconds
[INFO] Remaining iterations 798304
[INFO] Current sample [1.9812053116133168, 1.4690923035057561, 1.161551576531206, 1.0580893206273485, 1.225461676614906, -75.3807567492484].
[INFO] Current loglikelihood -73.73784861344271.
[INFO] Adapting proposal at iteration 32768.
[INFO] Proposal at iteration 32768: MutableMvNormal{FullNormal}(FullNormal(
dim: 5
μ: [1.9812053116133168, 1.4690923035057561, 1.161551576531206, 1.0580893206273485, 1.225461676614906]
Σ: [0.023439705073486476 0.00042645239209413723 -0.0027006112236232184 -0.0020800699829711428 -0.001471472952807106; 0.00042645239209413723 0.014867570048603135 0.001723321064813358 0.0006670907787002809 0.0005790419466502822; -0.0027006112236232184 0.001723321064813358 0.011919726138940394 0.005046770486960897 0.006103200044005347; -0.0020800699829711428 0.0006670907787002809 0.005046770486960897 0.016840297257884232 0.015931806524234995; -0.001471472952807106 0.0005790419466502822 0.006103200044005347 0.015931806524234995 0.034231946064297275]
)
)
[INFO] Iteration 49152.
[INFO] Current time 2025-03-31T17:05:15.815.
[INFO] Elapsed time 1423.4127960205078 seconds.
[INFO] Acceptance ratio 0.226806640625.
[INFO] Number of proposed samples with infinite loglikelihood: 1 of the last 16384 iterations.
[INFO] Remaining time 603376.587198019 seconds
[INFO] Remaining iterations 781920
[INFO] Current sample [1.874591995529654, 1.835262662577349, 1.366590976313033, 1.0412051900826895, 1.3914357349290327, -80.45021114095876].
[INFO] Current loglikelihood -77.66000021110531.
[INFO] Adapting proposal at iteration 49152.
[INFO] Proposal at iteration 49152: MutableMvNormal{FullNormal}(FullNormal(
dim: 5
μ: [1.874591995529654, 1.835262662577349, 1.366590976313033, 1.0412051900826895, 1.3914357349290327]
Σ: [0.02307906617927675 0.0033413680274955912 0.0018192938702245246 -0.0005267479204123555 -4.10064082466828e-5; 0.0033413680274955912 0.01406507922530044 0.003277205388931892 0.00022180276082733595 0.00042761705469183237; 0.0018192938702245246 0.003277205388931892 0.011687747407930599 0.0042903195626909935 0.003698009870149534; -0.0005267479204123555 0.00022180276082733595 0.0042903195626909935 0.01732889194619091 0.014555163624111949; -4.10064082466828e-5 0.00042761705469183237 0.003698009870149534 0.014555163624111949 0.03166505281324094]
)
)
[INFO] Iteration 65536.
[INFO] Current time 2025-03-31T17:12:51.002.
[INFO] Elapsed time 1878.5999248027802 seconds.
[INFO] Acceptance ratio 0.2197265625.
[INFO] Number of proposed samples with infinite loglikelihood: 4 of the last 16384 iterations.
[INFO] Remaining time 602921.4000651836 seconds
[INFO] Remaining iterations 765536
[INFO] Current sample [1.770281616464782, 1.424190162041523, 1.154102417466817, 1.0681690655543061, 1.538341783828362, -79.29457761373445].
[INFO] Current loglikelihood -77.01017217918962.
[INFO] Adapting proposal at iteration 65536.
[INFO] Proposal at iteration 65536: MutableMvNormal{FullNormal}(FullNormal(
dim: 5
μ: [1.770281616464782, 1.424190162041523, 1.154102417466817, 1.0681690655543061, 1.538341783828362]
Σ: [0.02547504995170548 0.0027125155516381535 -0.0008696311351102868 0.0023664648111952373 0.002563013341146744; 0.0027125155516381535 0.015857688264016925 0.0030212661172217517 0.001808086652786109 0.0015213931379690672; -0.0008696311351102868 0.0030212661172217517 0.011102589151968307 0.0064635627452515575 0.00633176618977739; 0.0023664648111952373 0.001808086652786109 0.0064635627452515575 0.0173468669129055 0.01821850081580116; 0.002563013341146744 0.0015213931379690672 0.00633176618977739 0.01821850081580116 0.0406476024391417]
)
)
[INFO] Iteration 81920.
[INFO] Current time 2025-03-31T17:20:18.372.
[INFO] Elapsed time 2325.9697279930115 seconds.
[INFO] Acceptance ratio 0.2276611328125.
[INFO] Number of proposed samples with infinite loglikelihood: 4 of the last 16384 iterations.
[INFO] Remaining time 602474.0302660465 seconds
[INFO] Remaining iterations 749152
[INFO] Current sample [2.081023240286187, 1.599525367571881, 1.406453416037557, 1.172296129722954, 1.109242656294404, -76.81093281385115].
[INFO] Current loglikelihood -75.33985304356278.
[INFO] Adapting proposal at iteration 81920.
[INFO] Proposal at iteration 81920: MutableMvNormal{FullNormal}(FullNormal(
dim: 5
μ: [2.081023240286187, 1.599525367571881, 1.406453416037557, 1.172296129722954, 1.109242656294404]
Σ: [0.0248101015730867 0.00043479250892333173 -0.00013180072249441047 -0.0019396842087241785 -0.0022967294931786975; 0.00043479250892333173 0.015047990345782527 0.0018073994841521345 0.00022782061485172482 0.000880219675258755; -0.00013180072249441047 0.0018073994841521345 0.0096975450796598 0.004303638131344967 0.004846375480748644; -0.0019396842087241785 0.00022782061485172482 0.004303638131344967 0.018515324716485575 0.017212353275753888; -0.0022967294931786975 0.000880219675258755 0.004846375480748644 0.017212353275753888 0.033165698621228104]
)
)
[INFO] Iteration 98304.
[INFO] Current time 2025-03-31T17:27:45.675.
[INFO] Elapsed time 2773.272617816925 seconds.
[INFO] Acceptance ratio 0.22723388671875.
[INFO] Number of proposed samples with infinite loglikelihood: 1 of the last 16384 iterations.
[INFO] Remaining time 602026.7273731232 seconds
[INFO] Remaining iterations 732768
[INFO] Current sample [1.7073004574749056, 1.720474139652055, 1.0844290950431246, 0.7891137190513673, 0.6440423419469019, -76.4744660475107].
[INFO] Current loglikelihood -74.04318702815281.
[INFO] Adapting proposal at iteration 98304.
[INFO] Proposal at iteration 98304: MutableMvNormal{FullNormal}(FullNormal(
dim: 5
μ: [1.7073004574749056, 1.720474139652055, 1.0844290950431246, 0.7891137190513673, 0.6440423419469019]
Σ: [0.0283109829582468 0.002029076581683006 -0.0009066141975744874 -0.001218500315227319 -0.0029394378018594495; 0.002029076581683006 0.013740775306061789 0.00247285659119822 0.0007157187450999755 0.0006750370840386978; -0.0009066141975744874 0.00247285659119822 0.010474432288484263 0.003936832988354014 0.004574416700789026; -0.001218500315227319 0.0007157187450999755 0.003936832988354014 0.015989317549595754 0.014966780402365121; -0.0029394378018594495 0.0006750370840386978 0.004574416700789026 0.014966780402365121 0.034598231505024966]
)
)
[INFO] Iteration 114688.
[INFO] Current time 2025-03-31T17:35:13.901.
[INFO] Elapsed time 3221.4986498355865 seconds.
[INFO] Acceptance ratio 0.2235107421875.
[INFO] Number of proposed samples with infinite loglikelihood: 4 of the last 16384 iterations.
[INFO] Remaining time 601578.501335144 seconds
[INFO] Remaining iterations 716384
[INFO] Current sample [2.066117761982449, 1.288841151639481, 1.5452736147508592, 0.79324075691633, 0.7540224991767162, -81.39470126148264].
[INFO] Current loglikelihood -75.02492252418438.
[INFO] Adapting proposal at iteration 114688.
[INFO] Proposal at iteration 114688: MutableMvNormal{FullNormal}(FullNormal(
dim: 5
μ: [2.066117761982449, 1.288841151639481, 1.5452736147508592, 0.79324075691633, 0.7540224991767162]
Σ: [0.02481584018524695 0.0008868854645840166 -0.00201424239142412 -0.0011729403776179633 -0.002070037505273693; 0.0008868854645840166 0.013396160442873038 0.001459226731922403 -0.00034920343243863945 -0.000503533905714001; -0.00201424239142412 0.001459226731922403 0.010146556591122714 0.0051045627273721165 0.0051692055226267315; -0.0011729403776179633 -0.00034920343243863945 0.0051045627273721165 0.020075029114138495 0.016121388493593288; -0.002070037505273693 -0.000503533905714001 0.0051692055226267315 0.016121388493593288 0.03239238440834599]
)
)
[INFO] Iteration 131072.
[INFO] Current time 2025-03-31T17:42:45.599.
[INFO] Elapsed time 3673.196746826172 seconds.
[INFO] Acceptance ratio 0.233154296875.
[INFO] Number of proposed samples with infinite loglikelihood: 3 of the last 16384 iterations.
[INFO] Remaining time 601126.8032391071 seconds
[INFO] Remaining iterations 700000
[INFO] Current sample [1.6023500539376438, 1.2044611029727341, 1.1907707729812351, 1.0684257426095563, 0.9049353321174711, -76.59843043675798].
[INFO] Current loglikelihood -76.31870503022404.
[INFO] Adapting proposal at iteration 131072.
[INFO] Proposal at iteration 131072: MutableMvNormal{FullNormal}(FullNormal(
dim: 5
μ: [1.6023500539376438, 1.2044611029727341, 1.1907707729812351, 1.0684257426095563, 0.9049353321174711]
Σ: [0.023734841625851443 0.0012282467510491566 -0.00034145900244380363 0.000718734568203445 0.0014676577691920905; 0.0012282467510491566 0.014427530964814939 0.0016731052708108326 -0.0004942937533673945 0.0007261023188110987; -0.00034145900244380363 0.0016731052708108326 0.011206404359915514 0.005130957743534087 0.00589606418815648; 0.000718734568203445 -0.0004942937533673945 0.005130957743534087 0.01804518774812796 0.020163960663231395; 0.0014676577691920905 0.0007261023188110987 0.00589606418815648 0.020163960663231395 0.046531786457909036]
)
)
[INFO] Iteration 147456.
[INFO] Current time 2025-03-31T17:50:17.447.
[INFO] Elapsed time 4125.045044898987 seconds.
[INFO] Acceptance ratio 0.23394775390625.
[INFO] Number of proposed samples with infinite loglikelihood: 2 of the last 16384 iterations.
[INFO] Remaining time 600674.9549510479 seconds
[INFO] Remaining iterations 683616
[INFO] Current sample [2.601185096160308, 1.4259354542568379, 1.129163735110416, 0.908719410918922, 0.6575193890995082, -79.92575368334678].
[INFO] Current loglikelihood -74.6346425473443.
[INFO] Iteration 163840.
[INFO] Current time 2025-03-31T17:57:44.777.
[INFO] Elapsed time 4572.374585866928 seconds.
[INFO] Acceptance ratio 0.21527099609375.
[INFO] Number of proposed samples with infinite loglikelihood: 4 of the last 16384 iterations.
[INFO] Remaining time 600227.6254050732 seconds
[INFO] Remaining iterations 667232
[INFO] Current sample [2.5683239511264992, 1.6678599922293773, 1.2317525127842783, 1.1433312927197294, 1.2900666120510218, -79.59277590581465].
[INFO] Current loglikelihood -75.91082521265001.
[INFO] Iteration 180224.
[INFO] Current time 2025-03-31T18:05:15.246.
[INFO] Elapsed time 5022.843968868256 seconds.
[INFO] Acceptance ratio 0.222900390625.
[INFO] Number of proposed samples with infinite loglikelihood: 4 of the last 16384 iterations.
[INFO] Remaining time 599777.1560211182 seconds
[INFO] Remaining iterations 650848
[INFO] Current sample [1.7959135823465484, 1.8088296818498548, 1.503689080550853, 0.9203381213040022, 0.5576098988215639, -78.10057964282944].
[INFO] Current loglikelihood -73.42183068501275.
[INFO] Iteration 196608.
[INFO] Current time 2025-03-31T18:12:43.856.
[INFO] Elapsed time 5471.453679800034 seconds.
[INFO] Acceptance ratio 0.2264404296875.
[INFO] Number of proposed samples with infinite loglikelihood: 3 of the last 16384 iterations.
[INFO] Remaining time 599328.5463089943 seconds
[INFO] Remaining iterations 634464
[INFO] Current sample [1.709746879787756, 1.280281038671916, 1.1867300590947338, 0.9774874915415958, 0.7959519209205921, -75.99353296190003].
[INFO] Current loglikelihood -75.27130591237626.
[INFO] Iteration 212992.
[INFO] Current time 2025-03-31T18:20:12.025.
[INFO] Elapsed time 5919.622555971146 seconds.
[INFO] Acceptance ratio 0.22821044921875.
[INFO] Number of proposed samples with infinite loglikelihood: 4 of the last 16384 iterations.
[INFO] Remaining time 598880.3774340153 seconds
[INFO] Remaining iterations 618080
[INFO] Current sample [1.918985666288331, 1.7434067214567621, 1.4297880420848155, 1.268177420066319, 1.5446895755052292, -76.59983749069266].
[INFO] Current loglikelihood -74.86018652635195.
[INFO] Iteration 229376.
[INFO] Current time 2025-03-31T18:27:44.596.
[INFO] Elapsed time 6372.193381786346 seconds.
[INFO] Acceptance ratio 0.22821044921875.
[INFO] Number of proposed samples with infinite loglikelihood: 1 of the last 16384 iterations.
[INFO] Remaining time 598427.8066141605 seconds
[INFO] Remaining iterations 601696
[INFO] Current sample [1.7354994734410438, 1.1393954231404235, 1.064132021996399, 1.3311195343729438, 0.7569951115843043, -81.08053617469159].
[INFO] Current loglikelihood -76.49861815694251.
