[INFO] Iteration 16384.
[INFO] Current time 2025-01-15T10:58:08.411.
[INFO] Elapsed time 27.743731021881104 seconds.
[INFO] Acceptance ratio 0.3319091796875.
[INFO] Number of proposed samples with infinite loglikelihood: 0 of the last 16384 iterations.
[INFO] Remaining time 604772.2562570572 seconds
[INFO] Remaining iterations 564688
[INFO] Current sample [5.305781160271026, 2.644044382925843, 2.746265124362477, 2.206767333603916, 2.1770728955617944, 1.9440682307078054, 1.324081039517967, 1.2723803608737647, 0.6850495636477429, 0.6006484498158664, 0.6261939062145961, 0.5195360782716179].
[INFO] Current loglikelihood -770.9990116756542.
[INFO] Adapting proposal at iteration 16384.
[INFO] Proposal at iteration 16384: MutableMvNormal{FullNormal}(FullNormal(
dim: 12
μ: [5.305781160271026, 2.644044382925843, 2.746265124362477, 2.206767333603916, 2.1770728955617944, 1.9440682307078054, 1.324081039517967, 1.2723803608737647, 0.6850495636477429, 0.6006484498158664, 0.6261939062145961, 0.5195360782716179]
Σ: [0.09087150996467688 -0.04777371687677353 0.018673783067705417 0.014645447872846447 0.011186710592830097 0.005411818309860854 0.0015420950236182801 0.0009464426392155085 -0.004559118960703907 -0.0033319438323202617 -0.002174618551623252 -0.0023229375965047798; -0.04777371687677353 0.1562205251439547 0.029194236684340034 0.02446209725756184 0.015260896104810105 0.0157052208988071 0.006214466610006826 0.004006949912337182 0.0018141510040567928 -0.0020311594289032973 -0.003785237592835578 -0.0026619519064618106; 0.018673783067705417 0.029194236684340034 0.029760296241228102 0.016505368979884878 0.009225396377448757 0.006668429893614256 0.0024255476278092617 0.00152232669886447 -0.0011133666698606088 -0.0017165498444002456 -0.002080893591849688 -0.0015624935107962379; 0.014645447872846447 0.02446209725756184 0.016505368979884878 0.01931192001542689 0.007595748825715832 0.005477867339067022 0.0020218218450154166 0.0013101592358614005 -0.0009481975752515048 -0.0014284021670167703 -0.001484314706208457 -0.0011020504735982375; 0.011186710592830097 0.015260896104810105 0.009225396377448757 0.007595748825715832 0.007960472387712855 0.0033847356538258596 0.0013568621475610024 0.0008192628265246622 -0.000638904259297167 -0.0010593206204859227 -0.0010382482882256437 -0.0008896424431034464; 0.005411818309860854 0.0157052208988071 0.006668429893614256 0.005477867339067022 0.0033847356538258596 0.0040778533888388546 0.0009490085412997357 0.0007014929750510971 -0.00035792927391626163 -0.0007347762242502684 -0.0007807254728271701 -0.0007612773172337916; 0.0015420950236182801 0.006214466610006826 0.0024255476278092617 0.0020218218450154166 0.0013568621475610024 0.0009490085412997357 0.0007746841485246792 0.00018655861025868503 -9.127324424599286e-5 -0.0002520977941541187 -0.0003194309535458259 -0.00025185248575077625; 0.0009464426392155085 0.004006949912337182 0.00152232669886447 0.0013101592358614005 0.0008192628265246622 0.0007014929750510971 0.00018655861025868503 0.00041353569727686405 -0.00012580455987639706 -0.0001502569158666765 -0.00019838768255251352 -0.00013080812827232047; -0.004559118960703907 0.0018141510040567928 -0.0011133666698606088 -0.0009481975752515048 -0.000638904259297167 -0.00035792927391626163 -9.127324424599286e-5 -0.00012580455987639706 0.00035851466104405694 0.00013757556441495962 0.00014755424970681346 0.0001245873265968321; -0.0033319438323202617 -0.0020311594289032973 -0.0017165498444002456 -0.0014284021670167703 -0.0010593206204859227 -0.0007347762242502684 -0.0002520977941541187 -0.0001502569158666765 0.00013757556441495962 0.0003904996247001438 0.00015298435336592956 0.0002216083732011169; -0.002174618551623252 -0.003785237592835578 -0.002080893591849688 -0.001484314706208457 -0.0010382482882256437 -0.0007807254728271701 -0.0003194309535458259 -0.00019838768255251352 0.00014755424970681346 0.00015298435336592956 0.0005983099392807815 -1.154489605230411e-5; -0.0023229375965047798 -0.0026619519064618106 -0.0015624935107962379 -0.0011020504735982375 -0.0008896424431034464 -0.0007612773172337916 -0.00025185248575077625 -0.00013080812827232047 0.0001245873265968321 0.0002216083732011169 -1.154489605230411e-5 0.0012922464445430427]
)
)
[INFO] Iteration 32768.
[INFO] Current time 2025-01-15T10:58:39.714.
[INFO] Elapsed time 58.95399188995361 seconds.
[INFO] Acceptance ratio 0.31646728515625.
[INFO] Number of proposed samples with infinite loglikelihood: 0 of the last 16384 iterations.
[INFO] Remaining time 604741.0459930897 seconds
[INFO] Remaining iterations 548304
[INFO] Current sample [5.038314624418004, 3.16075038232431, 3.021909461684393, 2.4511332291107397, 2.1868475219952557, 1.9899204167248374, 1.3026087806635647, 1.3493589109763353, 0.7107235779427516, 0.5568683970794877, 0.5633742328435468, 0.5525244636074184].
[INFO] Current loglikelihood -765.8636303482006.
[INFO] Adapting proposal at iteration 32768.
[INFO] Proposal at iteration 32768: MutableMvNormal{FullNormal}(FullNormal(
dim: 12
μ: [5.038314624418004, 3.16075038232431, 3.021909461684393, 2.4511332291107397, 2.1868475219952557, 1.9899204167248374, 1.3026087806635647, 1.3493589109763353, 0.7107235779427516, 0.5568683970794877, 0.5633742328435468, 0.5525244636074184]
Σ: [0.07566833596091521 -0.036836870643047984 0.01837054158749616 0.01424753265065755 0.009585082579445162 0.005131470939455511 0.001401808094866559 0.0010935732640233353 -0.0036683593023438994 -0.003192646056608164 -0.0019357619612533578 -0.002766666268021988; -0.036836870643047984 0.14637693460492165 0.02715920316375257 0.021834015730591735 0.0163806607084901 0.015324360650949213 0.005789749543873039 0.003930938782556484 0.0010562432569978983 -0.002375968641489877 -0.003864737114324792 -0.0022653265238146503; 0.01837054158749616 0.02715920316375257 0.028170906847343816 0.014981272688250788 0.008506708902113986 0.006179038373140413 0.002155392267805207 0.0015618706152392902 -0.001051784115009598 -0.0018290325448187834 -0.0017658433448862379 -0.0018934269418775706; 0.01424753265065755 0.021834015730591735 0.014981272688250788 0.0167075650337554 0.007115650484567143 0.004815839632754623 0.0017288919231029862 0.001219724703651415 -0.0008578687089196377 -0.0015151476767389282 -0.001440611894942186 -0.0012794869022687966; 0.009585082579445162 0.0163806607084901 0.008506708902113986 0.007115650484567143 0.007815351149561413 0.003322270727073149 0.0012041404159450963 0.0008330187105583159 -0.000562067455652872 -0.0010446285716715733 -0.0010212641428879786 -0.0009807740537621605; 0.005131470939455511 0.015324360650949213 0.006179038373140413 0.004815839632754623 0.003322270727073149 0.0039082778039854745 0.0008975477923927997 0.0007190499404546165 -0.00035281586681134577 -0.0007703368452285245 -0.0007913152364780079 -0.0006716241381001923; 0.001401808094866559 0.005789749543873039 0.002155392267805207 0.0017288919231029862 0.0012041404159450963 0.0008975477923927997 0.0006883221584390732 0.00019156406076258393 -0.00010295110515459045 -0.0002524748505061585 -0.0002762475964058055 -0.0002351873741285034; 0.0010935732640233353 0.003930938782556484 0.0015618706152392902 0.001219724703651415 0.0008330187105583159 0.0007190499404546165 0.00019156406076258393 0.00041995150154757236 -0.00013333471317294944 -0.00017108498501507136 -0.0001886415309857196 -0.00014783190862723523; -0.0036683593023438994 0.0010562432569978983 -0.001051784115009598 -0.0008578687089196377 -0.000562067455652872 -0.00035281586681134577 -0.00010295110515459045 -0.00013333471317294944 0.0003166582945158173 0.00012721264292411578 0.00012689224666717345 0.0001575209554753578; -0.003192646056608164 -0.002375968641489877 -0.0018290325448187834 -0.0015151476767389282 -0.0010446285716715733 -0.0007703368452285245 -0.0002524748505061585 -0.00017108498501507136 0.00012721264292411578 0.000433114741288335 0.00016113812672506278 0.0002445005166897388; -0.0019357619612533578 -0.003864737114324792 -0.0017658433448862379 -0.001440611894942186 -0.0010212641428879786 -0.0007913152364780079 -0.0002762475964058055 -0.0001886415309857196 0.00012689224666717345 0.00016113812672506278 0.0005845015955992182 -4.667950405492751e-5; -0.002766666268021988 -0.0022653265238146503 -0.0018934269418775706 -0.0012794869022687966 -0.0009807740537621605 -0.0006716241381001923 -0.0002351873741285034 -0.00014783190862723523 0.0001575209554753578 0.0002445005166897388 -4.667950405492751e-5 0.0013049764623819786]
)
)
[INFO] Iteration 49152.
[INFO] Current time 2025-01-15T10:59:07.807.
[INFO] Elapsed time 87.04720997810364 seconds.
[INFO] Acceptance ratio 0.3287353515625.
[INFO] Number of proposed samples with infinite loglikelihood: 1 of the last 16384 iterations.
[INFO] Remaining time 604712.9527759552 seconds
[INFO] Remaining iterations 531920
[INFO] Current sample [5.377404399037346, 2.7943908973117404, 2.7505835469908657, 2.491605167127111, 2.372661969572479, 2.153576047770458, 1.3136755255590502, 1.3563954686582185, 0.6762195849559088, 0.5453348905524875, 0.5562914267351137, 0.6115033304024002].
[INFO] Current loglikelihood -768.8284161162957.
[INFO] Adapting proposal at iteration 49152.
[INFO] Proposal at iteration 49152: MutableMvNormal{FullNormal}(FullNormal(
dim: 12
μ: [5.377404399037346, 2.7943908973117404, 2.7505835469908657, 2.491605167127111, 2.372661969572479, 2.153576047770458, 1.3136755255590502, 1.3563954686582185, 0.6762195849559088, 0.5453348905524875, 0.5562914267351137, 0.6115033304024002]
Σ: [0.08002820892136596 -0.046129672677014795 0.016356015912740104 0.012910650838897923 0.009997474031074172 0.004619618168363737 0.0009103284917786377 0.0007593383915641674 -0.004171545018741862 -0.0030329481276239446 -0.0016650246751834777 -0.0023187962889768643; -0.046129672677014795 0.1554697978515129 0.026197346280237184 0.022687003630101125 0.01617454358707394 0.015127263593521983 0.005516858425002532 0.004017181849317145 0.0016845242926043613 -0.0024306060792664967 -0.00387819230537703 -0.0027282831065141315; 0.016356015912740104 0.026197346280237184 0.028833897457050808 0.014698981078223976 0.008237727770633571 0.00567771089954399 0.0018944696794268201 0.001391467941915581 -0.001149904851789065 -0.001728899303688836 -0.0015952206438283195 -0.001553497626485348; 0.012910650838897923 0.022687003630101125 0.014698981078223976 0.016902975530739963 0.007545974040932407 0.004972303025689034 0.0015737592739201488 0.0012113846990238662 -0.0008501722638121174 -0.0014934384697299788 -0.001345819775145497 -0.0012550434710431218; 0.009997474031074172 0.01617454358707394 0.008237727770633571 0.007545974040932407 0.00813957024066794 0.0035813009812485767 0.001092916002519015 0.000856920527212911 -0.0006479781714296645 -0.001066693712327593 -0.001065521391667435 -0.0008917209719516408; 0.004619618168363737 0.015127263593521983 0.00567771089954399 0.004972303025689034 0.0035813009812485767 0.0037939547824859298 0.0007574508978201548 0.0006765028316421659 -0.00034813672040712553 -0.0007271601171224239 -0.0007243022457662469 -0.0006593422236611643; 0.0009103284917786377 0.005516858425002532 0.0018944696794268201 0.0015737592739201488 0.001092916002519015 0.0007574508978201548 0.0006715578572960753 0.0001485381775044392 -5.977617955830483e-5 -0.0002451152867980306 -0.0002385283138460833 -0.00022656853295707297; 0.0007593383915641674 0.004017181849317145 0.001391467941915581 0.0012113846990238662 0.000856920527212911 0.0006765028316421659 0.0001485381775044392 0.00039664900600339245 -0.00011644009124543562 -0.0001574875088299285 -0.00017731075580127974 -0.0001835728164343754; -0.004171545018741862 0.0016845242926043613 -0.001149904851789065 -0.0008501722638121174 -0.0006479781714296645 -0.00034813672040712553 -5.977617955830483e-5 -0.00011644009124543562 0.00035343220261992517 0.00013492606262754963 0.00012126170402410574 0.00013933102784821876; -0.0030329481276239446 -0.0024306060792664967 -0.001728899303688836 -0.0014934384697299788 -0.001066693712327593 -0.0007271601171224239 -0.0002451152867980306 -0.0001574875088299285 0.00013492606262754963 0.00041932718413367743 0.00015569386578720654 0.00023248856479422074; -0.0016650246751834777 -0.00387819230537703 -0.0015952206438283195 -0.001345819775145497 -0.001065521391667435 -0.0007243022457662469 -0.0002385283138460833 -0.00017731075580127974 0.00012126170402410574 0.00015569386578720654 0.0005676712970224444 2.7076077008847724e-5; -0.0023187962889768643 -0.0027282831065141315 -0.001553497626485348 -0.0012550434710431218 -0.0008917209719516408 -0.0006593422236611643 -0.00022656853295707297 -0.0001835728164343754 0.00013933102784821876 0.00023248856479422074 2.7076077008847724e-5 0.0011587809228314982]
)
)
[INFO] Iteration 65536.
[INFO] Current time 2025-01-15T10:59:36.170.
[INFO] Elapsed time 115.62478494644165 seconds.
[INFO] Acceptance ratio 0.32122802734375.
[INFO] Number of proposed samples with infinite loglikelihood: 0 of the last 16384 iterations.
[INFO] Remaining time 604684.3751420975 seconds
[INFO] Remaining iterations 515536
[INFO] Current sample [4.8447590819226525, 3.0307977605133405, 2.8261600988819593, 2.337948395433043, 2.102429716348641, 1.96281771365892, 1.3080296004431347, 1.31562749000456, 0.7564955330262296, 0.5643273864844456, 0.6046977860264239, 0.6710974766524108].
[INFO] Current loglikelihood -768.15374762114.
[INFO] Adapting proposal at iteration 65536.
[INFO] Proposal at iteration 65536: MutableMvNormal{FullNormal}(FullNormal(
dim: 12
μ: [4.8447590819226525, 3.0307977605133405, 2.8261600988819593, 2.337948395433043, 2.102429716348641, 1.96281771365892, 1.3080296004431347, 1.31562749000456, 0.7564955330262296, 0.5643273864844456, 0.6046977860264239, 0.6710974766524108]
Σ: [0.0791828673776135 -0.04659608765011002 0.01606049262440019 0.013562547596783717 0.007903339058686924 0.004574880609691912 0.0006778027680788742 0.0009929557492512175 -0.003937746920769409 -0.0030600458354084295 -0.0014132561425697153 -0.0028444026352899073; -0.04659608765011002 0.14950633156156698 0.02446798998469609 0.019386083494177263 0.015617303735071725 0.015125801019643698 0.005470739257615415 0.003654711588036535 0.001456097162715456 -0.0015879315977137289 -0.0038200730827442375 -0.002044917817139229; 0.01606049262440019 0.02446798998469609 0.0264082844608868 0.01396699864083786 0.007476556366400765 0.00578991306970499 0.0018292714496203246 0.001279721479222513 -0.0010146738067544781 -0.0015134488418912775 -0.0016227624885854796 -0.0016212837222214448; 0.013562547596783717 0.019386083494177263 0.01396699864083786 0.016295913430051486 0.006331480600585887 0.004855290618501605 0.0014953881042184605 0.0010887444620784226 -0.0008698589273304529 -0.0013155061792727084 -0.0013649551569746758 -0.0012739321989876885; 0.007903339058686924 0.015617303735071725 0.007476556366400765 0.006331480600585887 0.007352194065177689 0.0032839946078257716 0.0011096649586514564 0.0007648595404354093 -0.0004939169204058369 -0.000830511589945068 -0.0008715165263877543 -0.0007947489144366605; 0.004574880609691912 0.015125801019643698 0.00578991306970499 0.004855290618501605 0.0032839946078257716 0.003960639630122274 0.000774727108187533 0.000675563879096712 -0.00035336418400667285 -0.0006709822111847383 -0.0007670828294687703 -0.0006734349318551677; 0.0006778027680788742 0.005470739257615415 0.0018292714496203246 0.0014953881042184605 0.0011096649586514564 0.000774727108187533 0.0006180376653227085 0.00013554476539761115 -6.127106305604571e-5 -0.00018317064100489635 -0.00023135078086693433 -0.00021732169019869169; 0.0009929557492512175 0.003654711588036535 0.001279721479222513 0.0010887444620784226 0.0007648595404354093 0.000675563879096712 0.00013554476539761115 0.0004023189481751285 -0.00012692730821815107 -0.00013895795180808636 -0.0001889541911903134 -0.00015928948582253757; -0.003937746920769409 0.001456097162715456 -0.0010146738067544781 -0.0008698589273304529 -0.0004939169204058369 -0.00035336418400667285 -6.127106305604571e-5 -0.00012692730821815107 0.0003203262732799768 0.00012997771747945327 0.00011442780045234246 0.0001477005703122842; -0.0030600458354084295 -0.0015879315977137289 -0.0015134488418912775 -0.0013155061792727084 -0.000830511589945068 -0.0006709822111847383 -0.00018317064100489635 -0.00013895795180808636 0.00012997771747945327 0.00036768691652489606 0.00012119238056523226 0.00025596505235642733; -0.0014132561425697153 -0.0038200730827442375 -0.0016227624885854796 -0.0013649551569746758 -0.0008715165263877543 -0.0007670828294687703 -0.00023135078086693433 -0.0001889541911903134 0.00011442780045234246 0.00012119238056523226 0.0005101188309184915 3.4288046762549105e-6; -0.0028444026352899073 -0.002044917817139229 -0.0016212837222214448 -0.0012739321989876885 -0.0007947489144366605 -0.0006734349318551677 -0.00021732169019869169 -0.00015928948582253757 0.0001477005703122842 0.00025596505235642733 3.4288046762549105e-6 0.0012457762487409617]
)
)
[INFO] Iteration 81920.
[INFO] Current time 2025-01-15T11:00:03.814.
[INFO] Elapsed time 143.0544240474701 seconds.
[INFO] Acceptance ratio 0.3370361328125.
[INFO] Number of proposed samples with infinite loglikelihood: 0 of the last 16384 iterations.
[INFO] Remaining time 604656.945565939 seconds
[INFO] Remaining iterations 499152
[INFO] Current sample [4.7524253865292865, 3.7905729362757232, 2.709985411810833, 2.361483221937045, 2.132621596934578, 2.103347717904429, 1.3703999821762172, 1.3280115177741643, 0.7315122589673286, 0.5896379033497491, 0.5471761396808099, 0.6415044263426857].
[INFO] Current loglikelihood -769.2640792006391.
[INFO] Adapting proposal at iteration 81920.
[INFO] Proposal at iteration 81920: MutableMvNormal{FullNormal}(FullNormal(
dim: 12
μ: [4.7524253865292865, 3.7905729362757232, 2.709985411810833, 2.361483221937045, 2.132621596934578, 2.103347717904429, 1.3703999821762172, 1.3280115177741643, 0.7315122589673286, 0.5896379033497491, 0.5471761396808099, 0.6415044263426857]
Σ: [0.08124930512443128 -0.048213207636994666 0.017985036889382848 0.014007264991672048 0.009027091405317347 0.0048494009164689236 0.0008638652656432962 0.0008063983147228054 -0.004302912722265701 -0.002869941485219109 -0.0013944243911128947 -0.0034042710879168647; -0.048213207636994666 0.1554653385408772 0.024346835456608252 0.01943929780560994 0.016331246482640716 0.015079920634016407 0.006040403186724148 0.0036647755528885534 0.0020033474958924095 -0.0019380835369331407 -0.004504518759044949 -0.0023041565198000753; 0.017985036889382848 0.024346835456608252 0.02616083928844843 0.013408928416957204 0.00832779668274972 0.005950081954739058 0.0020859011208097995 0.0013209500513202204 -0.0010787550119420212 -0.0015847761930305986 -0.0018544721732446144 -0.0019065812731489005; 0.014007264991672048 0.01943929780560994 0.013408928416957204 0.016115906825657184 0.0066580858915844705 0.004607850402930691 0.001556572216014757 0.0010731085879419813 -0.0008606789673797514 -0.0012783851596382125 -0.0014237717405953085 -0.0015454823597668475; 0.009027091405317347 0.016331246482640716 0.00832779668274972 0.0066580858915844705 0.007793849113286656 0.003382057365014961 0.0012409347807634723 0.0007561283605874475 -0.0005652019031576743 -0.0009322014509750786 -0.001077747441044969 -0.0011182536527666288; 0.0048494009164689236 0.015079920634016407 0.005950081954739058 0.004607850402930691 0.003382057365014961 0.0038638324879917947 0.0008640777754783782 0.0006670653452544422 -0.00033756749898100754 -0.0006871591154668028 -0.0008221122164930478 -0.0008218335509140997; 0.0008638652656432962 0.006040403186724148 0.0020859011208097995 0.001556572216014757 0.0012409347807634723 0.0008640777754783782 0.0006882973856847461 0.00015263432220659812 -6.224091412508455e-5 -0.00022261405623031133 -0.0002789786229669527 -0.00027203966423010344; 0.0008063983147228054 0.0036647755528885534 0.0013209500513202204 0.0010731085879419813 0.0007561283605874475 0.0006670653452544422 0.00015263432220659812 0.0003748030148679973 -0.00010725227158377943 -0.00013528510504623228 -0.00021230414614869 -0.00014813838766662352; -0.004302912722265701 0.0020033474958924095 -0.0010787550119420212 -0.0008606789673797514 -0.0005652019031576743 -0.00033756749898100754 -6.224091412508455e-5 -0.00010725227158377943 0.00035294492563226485 0.00012333800840553136 0.00010920909427057052 0.00017003882326216483; -0.002869941485219109 -0.0019380835369331407 -0.0015847761930305986 -0.0012783851596382125 -0.0009322014509750786 -0.0006871591154668028 -0.00022261405623031133 -0.00013528510504623228 0.00012333800840553136 0.00037030124468577036 0.00012614615044125952 0.0002725118344645776; -0.0013944243911128947 -0.004504518759044949 -0.0018544721732446144 -0.0014237717405953085 -0.001077747441044969 -0.0008221122164930478 -0.0002789786229669527 -0.00021230414614869 0.00010920909427057052 0.00012614615044125952 0.0005700417314295254 5.4242723710955516e-5; -0.0034042710879168647 -0.0023041565198000753 -0.0019065812731489005 -0.0015454823597668475 -0.0011182536527666288 -0.0008218335509140997 -0.00027203966423010344 -0.00014813838766662352 0.00017003882326216483 0.0002725118344645776 5.4242723710955516e-5 0.0013516639852708108]
)
)
[INFO] Iteration 98304.
[INFO] Current time 2025-01-15T11:00:33.803.
[INFO] Elapsed time 173.0434889793396 seconds.
[INFO] Acceptance ratio 0.3382568359375.
[INFO] Number of proposed samples with infinite loglikelihood: 0 of the last 16384 iterations.
[INFO] Remaining time 604626.9564931393 seconds
[INFO] Remaining iterations 482768
[INFO] Current sample [5.103817424508066, 3.108228890671979, 2.4867085674436304, 2.5066877784271884, 2.294503509834192, 2.011784774577754, 1.3644246937014226, 1.3040912123620902, 0.7231026259253404, 0.5216106186318267, 0.6310387659552312, 0.5277301667346581].
[INFO] Current loglikelihood -774.2721734278443.
[INFO] Adapting proposal at iteration 98304.
[INFO] Proposal at iteration 98304: MutableMvNormal{FullNormal}(FullNormal(
dim: 12
μ: [5.103817424508066, 3.108228890671979, 2.4867085674436304, 2.5066877784271884, 2.294503509834192, 2.011784774577754, 1.3644246937014226, 1.3040912123620902, 0.7231026259253404, 0.5216106186318267, 0.6310387659552312, 0.5277301667346581]
Σ: [0.08135318483371262 -0.04619608819696625 0.017777821866336342 0.014323489236937369 0.0089806719283598 0.00516204693449923 0.0007833378814578588 0.000552307732269711 -0.003866382621093209 -0.0028924181263523343 -0.0020587684303344433 -0.0017650267791368363; -0.04619608819696625 0.16224066739137408 0.028855830751304264 0.023682328798563818 0.015553157260878005 0.016702687018012457 0.006771114910629569 0.0041821218444642 0.0013445114397600088 -0.00266552098454083 -0.0044851419096061645 -0.0032676396437903805; 0.017777821866336342 0.028855830751304264 0.029367432657762153 0.015665748038760897 0.008203714589690572 0.006771361352557021 0.002224121173267515 0.0014093220942505594 -0.001116202475810014 -0.0017950488346073724 -0.0019449338839395757 -0.0017137348575946532; 0.014323489236937369 0.023682328798563818 0.015665748038760897 0.017341723100983263 0.007232177149552668 0.005482326959172784 0.0017527115500642666 0.0011549666241925474 -0.0008702160381277325 -0.0014793518027688575 -0.0016903094427270643 -0.001403396573038631; 0.0089806719283598 0.015553157260878005 0.008203714589690572 0.007232177149552668 0.0074684588540624795 0.0034989052943244165 0.001135571896903545 0.000748166241147242 -0.000577801211358163 -0.0009624273633562886 -0.001113253805966178 -0.0007352506144112408; 0.00516204693449923 0.016702687018012457 0.006771361352557021 0.005482326959172784 0.0034989052943244165 0.004344114128794651 0.0009541791812009674 0.0006690237154404077 -0.00039630660052572455 -0.0008123011458543972 -0.0009357812532175901 -0.0007719181784049527; 0.0007833378814578588 0.006771114910629569 0.002224121173267515 0.0017527115500642666 0.001135571896903545 0.0009541791812009674 0.0007601946514096659 0.00018655632829924062 -6.228683283695276e-5 -0.00026690465881053547 -0.0003254982164236777 -0.0002306012447942668; 0.000552307732269711 0.0041821218444642 0.0014093220942505594 0.0011549666241925474 0.000748166241147242 0.0006690237154404077 0.00018655632829924062 0.0003804942247901749 -0.00010300220432578592 -0.0001510498019604549 -0.00020779377114664107 -0.0001691765958897867; -0.003866382621093209 0.0013445114397600088 -0.001116202475810014 -0.0008702160381277325 -0.000577801211358163 -0.00039630660052572455 -6.228683283695276e-5 -0.00010300220432578592 0.0003194855549391016 0.00011350205764191755 0.00015138761140788936 0.00011927534900384844; -0.0028924181263523343 -0.00266552098454083 -0.0017950488346073724 -0.0014793518027688575 -0.0009624273633562886 -0.0008123011458543972 -0.00026690465881053547 -0.0001510498019604549 0.00011350205764191755 0.00040731265721625386 0.00018896628035437895 0.0002008189482700323; -0.0020587684303344433 -0.0044851419096061645 -0.0019449338839395757 -0.0016903094427270643 -0.001113253805966178 -0.0009357812532175901 -0.0003254982164236777 -0.00020779377114664107 0.00015138761140788936 0.00018896628035437895 0.0006123765042867561 3.6251418841990254e-5; -0.0017650267791368363 -0.0032676396437903805 -0.0017137348575946532 -0.001403396573038631 -0.0007352506144112408 -0.0007719181784049527 -0.0002306012447942668 -0.0001691765958897867 0.00011927534900384844 0.0002008189482700323 3.6251418841990254e-5 0.0011868420673531513]
)
)
[INFO] Iteration 114688.
[INFO] Current time 2025-01-15T11:01:03.372.
[INFO] Elapsed time 202.61197090148926 seconds.
[INFO] Acceptance ratio 0.3201904296875.
[INFO] Number of proposed samples with infinite loglikelihood: 0 of the last 16384 iterations.
[INFO] Remaining time 604597.3880140781 seconds
[INFO] Remaining iterations 466384
[INFO] Current sample [5.991591580027836, 2.0884453476329776, 2.838789146961872, 2.497668278526149, 2.2319033909219304, 2.091111746352338, 1.3032789543747991, 1.332360387878839, 0.6682904783353184, 0.5123541606647694, 0.5975657456873551, 0.6859358626661587].
[INFO] Current loglikelihood -769.13574982943.
[INFO] Adapting proposal at iteration 114688.
[INFO] Proposal at iteration 114688: MutableMvNormal{FullNormal}(FullNormal(
dim: 12
μ: [5.991591580027836, 2.0884453476329776, 2.838789146961872, 2.497668278526149, 2.2319033909219304, 2.091111746352338, 1.3032789543747991, 1.332360387878839, 0.6682904783353184, 0.5123541606647694, 0.5975657456873551, 0.6859358626661587]
Σ: [0.08286843962886259 -0.042378521993372144 0.019556707999619154 0.01520054126511835 0.010822560111180173 0.0053671562234075465 0.0011688583547644332 0.0006674284034215608 -0.003956614831554716 -0.003226958343039043 -0.001907595714426703 -0.003563728068014109; -0.042378521993372144 0.14011680432570794 0.022913084621871107 0.018831223115172855 0.015134680899909141 0.013850902666358718 0.005143092480451668 0.0036190348953712204 0.001492226058531406 -0.002000030175352502 -0.0037088075663572408 -0.0013537598779755414; 0.019556707999619154 0.022913084621871107 0.02746294853824174 0.013958671065498114 0.00821056519285428 0.005942919691068002 0.0019361119263616156 0.001223353493102455 -0.0009637187659985378 -0.0018721200566552227 -0.0017457632972767093 -0.0017884073631611068; 0.01520054126511835 0.018831223115172855 0.013958671065498114 0.016870588624693508 0.007282207547218017 0.004637496369569883 0.0015216431430778706 0.0011507494845324792 -0.0008503853011719893 -0.00143140354492809 -0.0014168238252384529 -0.0013302859480894156; 0.010822560111180173 0.015134680899909141 0.00821056519285428 0.007282207547218017 0.008376582031180815 0.003512004205413226 0.001112964293867201 0.000741562860978925 -0.0005958663167145331 -0.001033463311270729 -0.0010664999833197059 -0.0009796040022050448; 0.0053671562234075465 0.013850902666358718 0.005942919691068002 0.004637496369569883 0.003512004205413226 0.003735718386426407 0.0007356950222135443 0.0006302396333409039 -0.00031866037348940516 -0.0007391197494832823 -0.0007749945727859642 -0.0006727413790975002; 0.0011688583547644332 0.005143092480451668 0.0019361119263616156 0.0015216431430778706 0.001112964293867201 0.0007356950222135443 0.0006680937873549672 0.00011573785861376531 -6.94441400699183e-5 -0.00021629855544169253 -0.00025214949578937756 -0.00018921567430785465; 0.0006674284034215608 0.0036190348953712204 0.001223353493102455 0.0011507494845324792 0.000741562860978925 0.0006302396333409039 0.00011573785861376531 0.00040954758397096855 -0.0001094543433540372 -0.00013850670531919093 -0.00018308481780821828 -0.00012327025455008953; -0.003956614831554716 0.001492226058531406 -0.0009637187659985378 -0.0008503853011719893 -0.0005958663167145331 -0.00031866037348940516 -6.94441400699183e-5 -0.0001094543433540372 0.00032174828271326324 0.00012043750498107524 0.0001383003858343523 0.00015189056467381884; -0.003226958343039043 -0.002000030175352502 -0.0018721200566552227 -0.00143140354492809 -0.001033463311270729 -0.0007391197494832823 -0.00021629855544169253 -0.00013850670531919093 0.00012043750498107524 0.0003967906663485289 0.00015478170230946223 0.0002779485395723871; -0.001907595714426703 -0.0037088075663572408 -0.0017457632972767093 -0.0014168238252384529 -0.0010664999833197059 -0.0007749945727859642 -0.00025214949578937756 -0.00018308481780821828 0.0001383003858343523 0.00015478170230946223 0.0005409645959223256 3.921613688842109e-6; -0.003563728068014109 -0.0013537598779755414 -0.0017884073631611068 -0.0013302859480894156 -0.0009796040022050448 -0.0006727413790975002 -0.00018921567430785465 -0.00012327025455008953 0.00015189056467381884 0.0002779485395723871 3.921613688842109e-6 0.0012320161218199001]
)
)
[INFO] Iteration 131072.
[INFO] Current time 2025-01-15T11:01:33.897.
[INFO] Elapsed time 233.1395628452301 seconds.
[INFO] Acceptance ratio 0.33038330078125.
[INFO] Number of proposed samples with infinite loglikelihood: 0 of the last 16384 iterations.
[INFO] Remaining time 604566.8587269783 seconds
[INFO] Remaining iterations 450000
[INFO] Current sample [4.628280573909935, 2.959106846870009, 2.7126353010793784, 2.032915988088774, 2.1851748989095174, 1.866926889717039, 1.3380808196580527, 1.3105407767444406, 0.7233325873679857, 0.62767915451367, 0.5555850961416104, 0.6777796135439281].
[INFO] Current loglikelihood -768.6484574854065.
[INFO] Adapting proposal at iteration 131072.
[INFO] Proposal at iteration 131072: MutableMvNormal{FullNormal}(FullNormal(
dim: 12
μ: [4.628280573909935, 2.959106846870009, 2.7126353010793784, 2.032915988088774, 2.1851748989095174, 1.866926889717039, 1.3380808196580527, 1.3105407767444406, 0.7233325873679857, 0.62767915451367, 0.5555850961416104, 0.6777796135439281]
Σ: [0.08022446326605424 -0.04170779391390046 0.01719206730726162 0.013321630304005239 0.009857060187708126 0.004861068567876327 0.000961304566253828 0.0010751881205451634 -0.004120600619200065 -0.0031318075811764064 -0.0021172015319529973 -0.0022844193878900593; -0.04170779391390046 0.1460631226554579 0.02423758460997144 0.020836025164707145 0.015657485170459645 0.0152342307349349 0.005724723913127213 0.0035226125398797534 0.0016434680332197713 -0.0019997762842183012 -0.0034509033058177964 -0.0025126016970662348; 0.01719206730726162 0.02423758460997144 0.027280441238257336 0.014041491278052638 0.008292061632898598 0.0056776939011118615 0.001968749152987436 0.0013296431063946083 -0.001112737008091268 -0.001564869728544592 -0.0016449053840795044 -0.0015735413159403736; 0.013321630304005239 0.020836025164707145 0.014041491278052638 0.01634399952825094 0.006876680559053179 0.004765035511621555 0.0014612937865549722 0.0011435406666054442 -0.0008502305508383219 -0.0012817505780207436 -0.001347049782519912 -0.0012533816522099087; 0.009857060187708126 0.015657485170459645 0.008292061632898598 0.006876680559053179 0.007650933781120213 0.00339962060897931 0.001179696242105152 0.000792935760106085 -0.0006121786752602316 -0.000992380465131596 -0.0010242026567681278 -0.0009177483251962531; 0.004861068567876327 0.0152342307349349 0.0056776939011118615 0.004765035511621555 0.00339962060897931 0.00394098155389546 0.0008149383910735969 0.000682463257424563 -0.0003241467884823069 -0.0006991314240845265 -0.0008129408497777199 -0.0006532626717285268; 0.000961304566253828 0.005724723913127213 0.001968749152987436 0.0014612937865549722 0.001179696242105152 0.0008149383910735969 0.000720664007089593 0.00013890401416798075 -4.360521819230845e-5 -0.00022963102385775916 -0.0002325987345475906 -0.00022924683584563417; 0.0010751881205451634 0.0035226125398797534 0.0013296431063946083 0.0011435406666054442 0.000792935760106085 0.000682463257424563 0.00013890401416798075 0.0004074559746655366 -0.00013233216942405438 -0.00013611379699348807 -0.00018666982799591043 -0.00015421323026756461; -0.004120600619200065 0.0016434680332197713 -0.001112737008091268 -0.0008502305508383219 -0.0006121786752602316 -0.0003241467884823069 -4.360521819230845e-5 -0.00013233216942405438 0.0003570599796155094 0.00010602065912755416 0.00014692278525730066 0.00014886308494228918; -0.0031318075811764064 -0.0019997762842183012 -0.001564869728544592 -0.0012817505780207436 -0.000992380465131596 -0.0006991314240845265 -0.00022963102385775916 -0.00013611379699348807 0.00010602065912755416 0.0004100567076193643 0.0001488061518957852 0.00021275340711853294; -0.0021172015319529973 -0.0034509033058177964 -0.0016449053840795044 -0.001347049782519912 -0.0010242026567681278 -0.0008129408497777199 -0.0002325987345475906 -0.00018666982799591043 0.00014692278525730066 0.0001488061518957852 0.00056261838049766 3.826679508784486e-6; -0.0022844193878900593 -0.0025126016970662348 -0.0015735413159403736 -0.0012533816522099087 -0.0009177483251962531 -0.0006532626717285268 -0.00022924683584563417 -0.00015421323026756461 0.00014886308494228918 0.00021275340711853294 3.826679508784486e-6 0.0011964794348507844]
)
)
[INFO] Iteration 147456.
[INFO] Current time 2025-01-15T11:02:00.690.
[INFO] Elapsed time 259.9303078651428 seconds.
[INFO] Acceptance ratio 0.32421875.
[INFO] Number of proposed samples with infinite loglikelihood: 0 of the last 16384 iterations.
[INFO] Remaining time 604540.069674015 seconds
[INFO] Remaining iterations 433616
[INFO] Current sample [4.226554431373366, 4.333154216181528, 2.9792077351865496, 2.2612101722743505, 2.33862452446424, 2.1673181008410705, 1.3499453472098253, 1.3586975378697022, 0.7250498578866286, 0.6068113536896118, 0.5477483861857424, 0.5548053415197423].
[INFO] Current loglikelihood -767.7240600303661.
[INFO] Iteration 163840.
[INFO] Current time 2025-01-15T11:02:29.292.
[INFO] Elapsed time 288.532408952713 seconds.
[INFO] Acceptance ratio 0.32440185546875.
[INFO] Number of proposed samples with infinite loglikelihood: 0 of the last 16384 iterations.
[INFO] Remaining time 604511.467582941 seconds
[INFO] Remaining iterations 417232
[INFO] Current sample [5.403940504564123, 2.3499203556674235, 2.9399639928946635, 2.4958460923688133, 2.2939921842426823, 2.037464793450795, 1.2736582222493893, 1.2869819329703893, 0.698243866858187, 0.5842920951718785, 0.6211805541365594, 0.5889376381303562].
[INFO] Current loglikelihood -767.0075988893427.
[INFO] Iteration 180224.
[INFO] Current time 2025-01-15T11:02:58.920.
[INFO] Elapsed time 318.16016006469727 seconds.
[INFO] Acceptance ratio 0.32745361328125.
[INFO] Number of proposed samples with infinite loglikelihood: 0 of the last 16384 iterations.
[INFO] Remaining time 604481.8398301601 seconds
[INFO] Remaining iterations 400848
[INFO] Current sample [4.6036115125063795, 2.6351542388650495, 2.5660109918441565, 1.8779873887033929, 1.905240618433738, 1.9718637549462878, 1.2815861323573936, 1.274640593035422, 0.7279176164060364, 0.6110333264385541, 0.5769630060972013, 0.6393114441765496].
[INFO] Current loglikelihood -768.8024610821755.
[INFO] Iteration 196608.
[INFO] Current time 2025-01-15T11:03:26.864.
[INFO] Elapsed time 346.10425996780396 seconds.
[INFO] Acceptance ratio 0.31817626953125.
[INFO] Number of proposed samples with infinite loglikelihood: 0 of the last 16384 iterations.
[INFO] Remaining time 604453.8957309723 seconds
[INFO] Remaining iterations 384464
[INFO] Current sample [4.420411140981894, 2.411105298309011, 2.3084051061154476, 1.7268125886317394, 2.030355299126849, 1.8126061223790741, 1.3398051588017281, 1.2377891694034004, 0.753860491902085, 0.6335003046911766, 0.6095055802983712, 0.6883593435166716].
[INFO] Current loglikelihood -773.7051889550069.
[INFO] Iteration 212992.
[INFO] Current time 2025-01-15T11:03:54.472.
[INFO] Elapsed time 373.7120289802551 seconds.
[INFO] Acceptance ratio 0.3236083984375.
[INFO] Number of proposed samples with infinite loglikelihood: 0 of the last 16384 iterations.
[INFO] Remaining time 604426.2879650593 seconds
[INFO] Remaining iterations 368080
[INFO] Current sample [4.241416255965807, 3.2719009435463895, 2.293623423491476, 1.8424420094771605, 2.1462712052216877, 1.9469798021660218, 1.2257744870112584, 1.3429868004430476, 0.7358646237436873, 0.6131106752148552, 0.6104262444626586, 0.6923868116445692].
[INFO] Current loglikelihood -771.6569140803626.
[INFO] Iteration 229376.
[INFO] Current time 2025-01-15T11:04:22.359.
[INFO] Elapsed time 401.5995280742645 seconds.
[INFO] Acceptance ratio 0.31683349609375.
[INFO] Number of proposed samples with infinite loglikelihood: 4 of the last 16384 iterations.
[INFO] Remaining time 604398.4004621506 seconds
[INFO] Remaining iterations 351696
[INFO] Current sample [4.489716764209267, 2.9352621858782224, 2.1363404248232105, 2.034677305386423, 2.1617906536619778, 1.959852279545528, 1.2466642764666018, 1.2692847245430348, 0.7770492291836513, 0.5927830363123306, 0.5906310002650017, 0.5698168763277497].
[INFO] Current loglikelihood -775.0958940281096.
[INFO] Iteration 245760.
[INFO] Current time 2025-01-15T11:04:50.405.
[INFO] Elapsed time 429.64510703086853 seconds.
[INFO] Acceptance ratio 0.32159423828125.
[INFO] Number of proposed samples with infinite loglikelihood: 1 of the last 16384 iterations.
[INFO] Remaining time 604370.3548820019 seconds
[INFO] Remaining iterations 335312
[INFO] Current sample [4.784141726339394, 2.0726371648633672, 2.5696933550169967, 2.2172421513369733, 1.8420534550102352, 1.8946124725598503, 1.2598102125572186, 1.2420475273926548, 0.7270089461326878, 0.60388200367105, 0.6622694869150475, 0.6962362198835951].
[INFO] Current loglikelihood -771.9706249922589.
[INFO] Iteration 262144.
[INFO] Current time 2025-01-15T11:05:18.553.
[INFO] Elapsed time 457.793664932251 seconds.
[INFO] Acceptance ratio 0.32061767578125.
[INFO] Number of proposed samples with infinite loglikelihood: 0 of the last 16384 iterations.
[INFO] Remaining time 604342.2063241005 seconds
[INFO] Remaining iterations 318928
[INFO] Current sample [5.591555814379202, 2.6078841278932274, 2.997290739453996, 2.3723905587196543, 2.3238107157399184, 2.0043824177966023, 1.3264016735442985, 1.3374341211186707, 0.664080772564193, 0.561115052942223, 0.6249482772352651, 0.5420201388564657].
[INFO] Current loglikelihood -765.7917259474394.
[INFO] Iteration 278528.
[INFO] Current time 2025-01-15T11:05:45.636.
[INFO] Elapsed time 484.8765699863434 seconds.
[INFO] Acceptance ratio 0.32159423828125.
[INFO] Number of proposed samples with infinite loglikelihood: 0 of the last 16384 iterations.
[INFO] Remaining time 604315.1234190464 seconds
[INFO] Remaining iterations 302544
[INFO] Current sample [5.601797137117915, 2.6512339666896474, 3.2237899607322467, 2.265917758124652, 2.367084615695737, 2.0826247425153364, 1.2782848198473318, 1.3398578164779775, 0.659621272250828, 0.5845129757101019, 0.5397185847810559, 0.7277394755448263].
[INFO] Current loglikelihood -763.7277162116076.
[INFO] Iteration 294912.
[INFO] Current time 2025-01-15T11:06:12.292.
[INFO] Elapsed time 511.5326268672943 seconds.
[INFO] Acceptance ratio 0.3212890625.
[INFO] Number of proposed samples with infinite loglikelihood: 0 of the last 16384 iterations.
[INFO] Remaining time 604288.4673631191 seconds
[INFO] Remaining iterations 286160
