[INFO] Iteration 16384.
[INFO] Current time 2025-01-16T11:01:09.018.
[INFO] Elapsed time 14.163509130477905 seconds.
[INFO] Acceptance ratio 0.3297119140625.
[INFO] Number of proposed samples with infinite loglikelihood: 0 of the last 16384 iterations.
[INFO] Remaining time 604785.8364858627 seconds
[INFO] Remaining iterations 564688
[INFO] Current sample [4.222510304501369, 3.6014562952404514, 2.4352330522480554, 1.980553113156925, 2.1007360323520645, 1.9521661555783594, 1.3350681043991361, 1.2929343420215855, 0.7492894585269118, 0.6219892949376118, 0.6339236351355367, 0.528542345149913].
[INFO] Current loglikelihood -754.3975299854702.
[INFO] Adapting proposal at iteration 16384.
[INFO] Proposal at iteration 16384: MutableMvNormal{FullNormal}(FullNormal(
dim: 12
μ: [4.222510304501369, 3.6014562952404514, 2.4352330522480554, 1.980553113156925, 2.1007360323520645, 1.9521661555783594, 1.3350681043991361, 1.2929343420215855, 0.7492894585269118, 0.6219892949376118, 0.6339236351355367, 0.528542345149913]
Σ: [0.07820983758755357 -0.03264875455651555 0.01837697977956622 0.01439226445726882 0.010949606175877822 0.006785888850121954 0.0011558502030534171 0.001205868981321208 -0.004002696113606987 -0.0031853831432639935 -0.002035215450341466 -0.002656467867134321; -0.03264875455651555 0.1846778325348987 0.038779885275148925 0.03328478640158419 0.021389716687618635 0.021050309965860037 0.009016951277185053 0.005217157968415512 0.0014726842220508928 -0.00352886593516823 -0.0051864742417141885 -0.004684211966034221; 0.01837697977956622 0.038779885275148925 0.030063037807933155 0.01702187348724525 0.010070359429678972 0.00802019072734232 0.0028754671686435423 0.0017931668158688901 -0.0010044426265795828 -0.002015978748443035 -0.002197631140150898 -0.00219722736825676; 0.01439226445726882 0.03328478640158419 0.01702187348724525 0.019672958329786164 0.008339786753596763 0.006754226145610333 0.002321053500315277 0.0015600264794929154 -0.0007655966479085889 -0.0016579079793237893 -0.001695847194633779 -0.0017838729512329092; 0.010949606175877822 0.021389716687618635 0.010070359429678972 0.008339786753596763 0.008798822383901712 0.004279065691175542 0.0016637194083308333 0.0009909812934413987 -0.0005863583819495004 -0.0011803467551577873 -0.001243508840012696 -0.0012364990998426344; 0.006785888850121954 0.021050309965860037 0.00802019072734232 0.006754226145610333 0.004279065691175542 0.005002991871462674 0.0013237290600965296 0.0008930737799281164 -0.00037190490045965145 -0.0009747435389939057 -0.001002936926508952 -0.0010757395832964726; 0.0011558502030534171 0.009016951277185053 0.0028754671686435423 0.002321053500315277 0.0016637194083308333 0.0013237290600965296 0.0009209204202709875 0.0002639830174482542 -4.637522620266807e-5 -0.00030331120153292014 -0.0003544142465412018 -0.00038830007296521797; 0.001205868981321208 0.005217157968415512 0.0017931668158688901 0.0015600264794929154 0.0009909812934413987 0.0008930737799281164 0.0002639830174482542 0.0004513064429452436 -0.0001164435040858665 -0.00019447952739415277 -0.00022914461259172014 -0.0002188419679450203; -0.004002696113606987 0.0014726842220508928 -0.0010044426265795828 -0.0007655966479085889 -0.0005863583819495004 -0.00037190490045965145 -4.637522620266807e-5 -0.0001164435040858665 0.00033034528589028536 0.00013199581952508753 0.00011522057086010245 0.00014139279450579723; -0.0031853831432639935 -0.00352886593516823 -0.002015978748443035 -0.0016579079793237893 -0.0011803467551577873 -0.0009747435389939057 -0.00030331120153292014 -0.00019447952739415277 0.00013199581952508753 0.0004051365869446106 0.00021034681715352663 0.00029185497003330436; -0.002035215450341466 -0.0051864742417141885 -0.002197631140150898 -0.001695847194633779 -0.001243508840012696 -0.001002936926508952 -0.0003544142465412018 -0.00022914461259172014 0.00011522057086010245 0.00021034681715352663 0.0005591058320094002 9.67356292858938e-5; -0.002656467867134321 -0.004684211966034221 -0.00219722736825676 -0.0017838729512329092 -0.0012364990998426344 -0.0010757395832964726 -0.00038830007296521797 -0.0002188419679450203 0.00014139279450579723 0.00029185497003330436 9.67356292858938e-5 0.0012374781558219417]
)
)
[INFO] Iteration 32768.
[INFO] Current time 2025-01-16T11:01:23.874.
[INFO] Elapsed time 28.97076106071472 seconds.
[INFO] Acceptance ratio 0.3245849609375.
[INFO] Number of proposed samples with infinite loglikelihood: 0 of the last 16384 iterations.
[INFO] Remaining time 604771.0292339325 seconds
[INFO] Remaining iterations 548304
[INFO] Current sample [4.43510860656622, 2.8628666202178863, 2.5272227790761135, 1.994780742702152, 1.911549149308839, 1.921560495523098, 1.3130465996687555, 1.2926621519539727, 0.7188942004057407, 0.5942204612750979, 0.6415218611312489, 0.6195024342224066].
[INFO] Current loglikelihood -753.6143037545995.
[INFO] Adapting proposal at iteration 32768.
[INFO] Proposal at iteration 32768: MutableMvNormal{FullNormal}(FullNormal(
dim: 12
μ: [4.43510860656622, 2.8628666202178863, 2.5272227790761135, 1.994780742702152, 1.911549149308839, 1.921560495523098, 1.3130465996687555, 1.2926621519539727, 0.7188942004057407, 0.5942204612750979, 0.6415218611312489, 0.6195024342224066]
Σ: [0.07678706124827729 -0.03552662432469081 0.019836153405678975 0.014051049786544855 0.009988444821252447 0.006724501758815006 0.0012857328683702274 0.0014029878775804277 -0.004110548355182135 -0.0031840639383890804 -0.001937709339726537 -0.0025114749349166897; -0.03552662432469081 0.1787718380435417 0.0267437617694216 0.02488127569638411 0.02107582759965276 0.018633625090463242 0.008241416544622312 0.004846121436989528 0.0017120260454271507 -0.003400043251177591 -0.005149128869920237 -0.0041492800582621486; 0.019836153405678975 0.0267437617694216 0.025969637380655983 0.013816758248944749 0.00843398872727275 0.006374140671792475 0.002359365334088118 0.0015957847941076874 -0.0010845042423462774 -0.001889363410226547 -0.0017975799407702919 -0.0017366045183744943; 0.014051049786544855 0.02488127569638411 0.013816758248944749 0.016226054108489592 0.007154799366706293 0.005339805204268473 0.001897834403663063 0.0013031940130087685 -0.00079801571570569 -0.001531525153699549 -0.001420781225157818 -0.001471857582158665; 0.009988444821252447 0.02107582759965276 0.00843398872727275 0.007154799366706293 0.008589792224081265 0.004070554003345731 0.0015556267312771268 0.001023640988500272 -0.0006148468680424755 -0.0011505449605830084 -0.0011952408678399021 -0.0011592638983365265; 0.006724501758815006 0.018633625090463242 0.006374140671792475 0.005339805204268473 0.004070554003345731 0.004633089121983 0.0011826083523110533 0.0008732293922193411 -0.00038276563367865255 -0.0009424452235962444 -0.0009671685452615007 -0.0010140701992817276; 0.0012857328683702274 0.008241416544622312 0.002359365334088118 0.001897834403663063 0.0015556267312771268 0.0011826083523110533 0.0008700816028340937 0.0002511834422567762 -7.364082460318096e-5 -0.00030827115798639105 -0.00036033602699240235 -0.0003433386897747653; 0.0014029878775804277 0.004846121436989528 0.0015957847941076874 0.0013031940130087685 0.001023640988500272 0.0008732293922193411 0.0002511834422567762 0.00047048125183804523 -0.0001320697113647323 -0.000213441032993387 -0.0002315473707759242 -0.00021677300360972642; -0.004110548355182135 0.0017120260454271507 -0.0010845042423462774 -0.00079801571570569 -0.0006148468680424755 -0.00038276563367865255 -7.364082460318096e-5 -0.0001320697113647323 0.0003493706064683702 0.00012861378878020524 0.00012354833191421347 0.00013125225885010953; -0.0031840639383890804 -0.003400043251177591 -0.001889363410226547 -0.001531525153699549 -0.0011505449605830084 -0.0009424452235962444 -0.00030827115798639105 -0.000213441032993387 0.00012861378878020524 0.00043777435742309913 0.0002022892064268465 0.00026898193989570245; -0.001937709339726537 -0.005149128869920237 -0.0017975799407702919 -0.001420781225157818 -0.0011952408678399021 -0.0009671685452615007 -0.00036033602699240235 -0.0002315473707759242 0.00012354833191421347 0.0002022892064268465 0.000574639010729102 0.00010504110917385899; -0.0025114749349166897 -0.0041492800582621486 -0.0017366045183744943 -0.001471857582158665 -0.0011592638983365265 -0.0010140701992817276 -0.0003433386897747653 -0.00021677300360972642 0.00013125225885010953 0.00026898193989570245 0.00010504110917385899 0.0010784175392319025]
)
)
[INFO] Iteration 49152.
[INFO] Current time 2025-01-16T11:01:37.182.
[INFO] Elapsed time 42.27820920944214 seconds.
[INFO] Acceptance ratio 0.33148193359375.
[INFO] Number of proposed samples with infinite loglikelihood: 0 of the last 16384 iterations.
[INFO] Remaining time 604757.7217869759 seconds
[INFO] Remaining iterations 531920
[INFO] Current sample [5.155221798285983, 3.21765838152145, 2.6427825180694504, 2.253395036840645, 2.416767371394808, 2.0600428517720895, 1.28365489426102, 1.3921478825117677, 0.6976015222012988, 0.5223548328124292, 0.5510530298864191, 0.574836397271086].
[INFO] Current loglikelihood -753.0768424519978.
[INFO] Adapting proposal at iteration 49152.
[INFO] Proposal at iteration 49152: MutableMvNormal{FullNormal}(FullNormal(
dim: 12
μ: [5.155221798285983, 3.21765838152145, 2.6427825180694504, 2.253395036840645, 2.416767371394808, 2.0600428517720895, 1.28365489426102, 1.3921478825117677, 0.6976015222012988, 0.5223548328124292, 0.5510530298864191, 0.574836397271086]
Σ: [0.07103891182300333 -0.03889675334546718 0.014030247888578068 0.011053471652005493 0.008720381050499403 0.004719247568943033 0.0006633170968592202 0.0008556458440128886 -0.0037943451489285485 -0.0026756430959743024 -0.001527222575783355 -0.002268311956440652; -0.03889675334546718 0.18981926630878304 0.033651441773536364 0.02524917573152602 0.021293407161844094 0.020840558237249913 0.008736286428298328 0.005216974569172058 0.0015390547591070127 -0.0033359954449705114 -0.006024199694672784 -0.0040191517881260595; 0.014030247888578068 0.033651441773536364 0.028410067746138235 0.013534042058589055 0.008660700226247533 0.0066500052854198705 0.002443244036038717 0.0016011130584389953 -0.0009121994114567832 -0.0015949319181416026 -0.002060130118282412 -0.001675936784642415; 0.011053471652005493 0.02524917573152602 0.013534042058589055 0.015454584672006404 0.0068355337955564935 0.005033597526254026 0.0017901708969676688 0.0012003521674498327 -0.0006315651299886928 -0.0013645296252207545 -0.0015575223680330732 -0.001102452732259302; 0.008720381050499403 0.021293407161844094 0.008660700226247533 0.0068355337955564935 0.00850758803669048 0.004107111232130397 0.0015040267737533172 0.000993795615979337 -0.0005491425112492065 -0.0010531250213606015 -0.0012869368780900963 -0.001018457571222236; 0.004719247568943033 0.020840558237249913 0.0066500052854198705 0.005033597526254026 0.004107111232130397 0.004666866842778814 0.0011851375459916939 0.0008694699139651272 -0.00031377300939798434 -0.00085809842505256 -0.0010279045802149172 -0.0008090494314172953; 0.0006633170968592202 0.008736286428298328 0.002443244036038717 0.0017901708969676688 0.0015040267737533172 0.0011851375459916939 0.0008622989284595449 0.0002358250669040262 -4.128905809481983e-5 -0.00029094345659230004 -0.0004039705289818674 -0.0002922332262270714; 0.0008556458440128886 0.005216974569172058 0.0016011130584389953 0.0012003521674498327 0.000993795615979337 0.0008694699139651272 0.0002358250669040262 0.00044372153487413565 -0.00011747615378566346 -0.00018363637974947938 -0.0002478762739090709 -0.0002285195318271881; -0.0037943451489285485 0.0015390547591070127 -0.0009121994114567832 -0.0006315651299886928 -0.0005491425112492065 -0.00031377300939798434 -4.128905809481983e-5 -0.00011747615378566346 0.0003354308795738976 0.00011580202729961722 0.00010805091814838172 0.00014870681148948747; -0.0026756430959743024 -0.0033359954449705114 -0.0015949319181416026 -0.0013645296252207545 -0.0010531250213606015 -0.00085809842505256 -0.00029094345659230004 -0.00018363637974947938 0.00011580202729961722 0.0003776693975855691 0.00021436232775460623 0.00024200361874764862; -0.001527222575783355 -0.006024199694672784 -0.002060130118282412 -0.0015575223680330732 -0.0012869368780900963 -0.0010279045802149172 -0.0004039705289818674 -0.0002478762739090709 0.00010805091814838172 0.00021436232775460623 0.000583252936125231 0.0001315718095554986; -0.002268311956440652 -0.0040191517881260595 -0.001675936784642415 -0.001102452732259302 -0.001018457571222236 -0.0008090494314172953 -0.0002922332262270714 -0.0002285195318271881 0.00014870681148948747 0.00024200361874764862 0.0001315718095554986 0.0010133322641442358]
)
)
[INFO] Iteration 65536.
[INFO] Current time 2025-01-16T11:01:50.369.
[INFO] Elapsed time 55.465774059295654 seconds.
[INFO] Acceptance ratio 0.32867431640625.
[INFO] Number of proposed samples with infinite loglikelihood: 0 of the last 16384 iterations.
[INFO] Remaining time 604744.5342209339 seconds
[INFO] Remaining iterations 515536
[INFO] Current sample [4.591672547958975, 2.611018206887365, 2.1934225196846238, 2.143153100701776, 1.9947176457193465, 1.8455046618439133, 1.3112510260294084, 1.3034819986394217, 0.7455404623822276, 0.5911911687514113, 0.6534878369292136, 0.6612034230075005].
[INFO] Current loglikelihood -755.4394583066131.
[INFO] Adapting proposal at iteration 65536.
[INFO] Proposal at iteration 65536: MutableMvNormal{FullNormal}(FullNormal(
dim: 12
μ: [4.591672547958975, 2.611018206887365, 2.1934225196846238, 2.143153100701776, 1.9947176457193465, 1.8455046618439133, 1.3112510260294084, 1.3034819986394217, 0.7455404623822276, 0.5911911687514113, 0.6534878369292136, 0.6612034230075005]
Σ: [0.06721865123298647 -0.033135071921233175 0.01575264890403061 0.012565480720480639 0.00821221129463745 0.0057096073515784515 0.0010175198301221567 0.0010240162136228377 -0.003449998285040407 -0.0027276285060079393 -0.0016490700399070595 -0.0022880398473329; -0.033135071921233175 0.20599230930293141 0.03593331361826744 0.03368729432814152 0.0266290653499184 0.023750069385358397 0.009708439579306805 0.006285742022641074 0.0011591352781945327 -0.0039043348998491923 -0.006172647140148235 -0.004884862642995666; 0.01575264890403061 0.03593331361826744 0.02812074768057789 0.01594289965149183 0.00912798065819182 0.007539999990387089 0.0026374926269857268 0.0018890242268512407 -0.0009842047614444186 -0.0019073189559413205 -0.0019261566569823056 -0.0020189029282907706; 0.012565480720480639 0.03368729432814152 0.01594289965149183 0.018516177683787743 0.008544681021622848 0.00662766817887623 0.002314722397202423 0.0016881109644492434 -0.0007567871065852041 -0.0016486456849027725 -0.0017654178720691962 -0.0016433523748465855; 0.00821221129463745 0.0266290653499184 0.00912798065819182 0.008544681021622848 0.009237341273297308 0.004783278864991654 0.001833094228240973 0.001197656249793839 -0.0005196862259891187 -0.0011710014594307114 -0.0013381595381537189 -0.001211595586330696; 0.0057096073515784515 0.023750069385358397 0.007539999990387089 0.00662766817887623 0.004783278864991654 0.005323447774666439 0.001377011274567303 0.0010274745094573064 -0.00034757228464554535 -0.0009661541756693023 -0.001106862738522494 -0.0010966449685956654; 0.0010175198301221567 0.009708439579306805 0.0026374926269857268 0.002314722397202423 0.001833094228240973 0.001377011274567303 0.0009541470629975057 0.00031569413699620994 -7.476544788294394e-5 -0.0003166476477178198 -0.0003931097103279937 -0.00038789700638501215; 0.0010240162136228377 0.006285742022641074 0.0018890242268512407 0.0016881109644492434 0.001197656249793839 0.0010274745094573064 0.00031569413699620994 0.0005111807691569176 -0.00011687989025911552 -0.0002193096150359392 -0.00028815319440235075 -0.0002601302108604182; -0.003449998285040407 0.0011591352781945327 -0.0009842047614444186 -0.0007567871065852041 -0.0005196862259891187 -0.00034757228464554535 -7.476544788294394e-5 -0.00011687989025911552 0.0002964382865638673 0.00012356699143151238 0.00012451141771333246 0.00011581831402897835; -0.0027276285060079393 -0.0039043348998491923 -0.0019073189559413205 -0.0016486456849027725 -0.0011710014594307114 -0.0009661541756693023 -0.0003166476477178198 -0.0002193096150359392 0.00012356699143151238 0.0004030363694201616 0.00019709931618240695 0.00031866303321606196; -0.0016490700399070595 -0.006172647140148235 -0.0019261566569823056 -0.0017654178720691962 -0.0013381595381537189 -0.001106862738522494 -0.0003931097103279937 -0.00028815319440235075 0.00012451141771333246 0.00019709931618240695 0.0005943153132616513 9.680922165887317e-5; -0.0022880398473329 -0.004884862642995666 -0.0020189029282907706 -0.0016433523748465855 -0.001211595586330696 -0.0010966449685956654 -0.00038789700638501215 -0.0002601302108604182 0.00011581831402897835 0.00031866303321606196 9.680922165887317e-5 0.0011220254486912975]
)
)
[INFO] Iteration 81920.
[INFO] Current time 2025-01-16T11:02:03.642.
[INFO] Elapsed time 68.73885607719421 seconds.
[INFO] Acceptance ratio 0.32489013671875.
[INFO] Number of proposed samples with infinite loglikelihood: 0 of the last 16384 iterations.
[INFO] Remaining time 604731.2611408234 seconds
[INFO] Remaining iterations 499152
[INFO] Current sample [5.394637810737621, 2.4516223622809097, 2.8190584165124477, 2.250555006036993, 2.035126958395718, 2.0208853852731377, 1.3373758384030179, 1.2504778631489297, 0.7120702474209866, 0.5969883669618918, 0.6204078542802163, 0.6435216045804721].
[INFO] Current loglikelihood -756.3892466864264.
[INFO] Adapting proposal at iteration 81920.
[INFO] Proposal at iteration 81920: MutableMvNormal{FullNormal}(FullNormal(
dim: 12
μ: [5.394637810737621, 2.4516223622809097, 2.8190584165124477, 2.250555006036993, 2.035126958395718, 2.0208853852731377, 1.3373758384030179, 1.2504778631489297, 0.7120702474209866, 0.5969883669618918, 0.6204078542802163, 0.6435216045804721]
Σ: [0.07458492471814365 -0.037326108819968354 0.0176322514399566 0.014862697505467145 0.009223399490748307 0.006135795284979183 0.0009840381863261314 0.001299780200614412 -0.004145915938840695 -0.0030724132829915147 -0.0013436711715261312 -0.002390327576887311; -0.037326108819968354 0.19534967896413596 0.03201318579362513 0.02759854321944076 0.022826991806488273 0.021622750782771823 0.00914762981651418 0.005270113356037196 0.0015340586477284733 -0.003166170202696041 -0.0061488549333635146 -0.0051786857312000265; 0.0176322514399566 0.03201318579362513 0.026685916557175962 0.014977833486349722 0.009092248307798733 0.007023747591835555 0.0025386869542387168 0.0017564224299596266 -0.0010586781296586987 -0.0017987002765876038 -0.001944493159904996 -0.002101319619455881; 0.014862697505467145 0.02759854321944076 0.014977833486349722 0.017969094472522856 0.007910856808479205 0.006036096391395809 0.0020809506959939997 0.0014331674017284703 -0.0008842093470976582 -0.0016223433687578479 -0.0016199516587222594 -0.0017384002727465961; 0.009223399490748307 0.022826991806488273 0.009092248307798733 0.007910856808479205 0.00855811184192808 0.004456218280499376 0.0016331080700140183 0.001058279719642269 -0.0006224061196228941 -0.0011146414006124074 -0.0012006624852825276 -0.001307874264340124; 0.006135795284979183 0.021622750782771823 0.007023747591835555 0.006036096391395809 0.004456218280499376 0.005000660284519201 0.0013049562732411336 0.0009476299273946653 -0.0004006090937139428 -0.0009359402600988183 -0.0010228809905269282 -0.0011262406186488439; 0.0009840381863261314 0.00914762981651418 0.0025386869542387168 0.0020809506959939997 0.0016331080700140183 0.0013049562732411336 0.0008810438042599914 0.0002779285990879034 -6.700880546465777e-5 -0.0002992014864300765 -0.00039108970040851516 -0.0003812022632318719; 0.001299780200614412 0.005270113356037196 0.0017564224299596266 0.0014331674017284703 0.001058279719642269 0.0009476299273946653 0.0002779285990879034 0.00047296533029721015 -0.00014478364822538794 -0.00020158167976463097 -0.00026728228035299205 -0.00024903447883166857; -0.004145915938840695 0.0015340586477284733 -0.0010586781296586987 -0.0008842093470976582 -0.0006224061196228941 -0.0004006090937139428 -6.700880546465777e-5 -0.00014478364822538794 0.0003594501227299696 0.0001391399234259047 0.00011698004033345246 0.00013572600734927914; -0.0030724132829915147 -0.003166170202696041 -0.0017987002765876038 -0.0016223433687578479 -0.0011146414006124074 -0.0009359402600988183 -0.0002992014864300765 -0.00020158167976463097 0.0001391399234259047 0.00041037227321838926 0.00017466383785304766 0.00029854630410956686; -0.0013436711715261312 -0.0061488549333635146 -0.001944493159904996 -0.0016199516587222594 -0.0012006624852825276 -0.0010228809905269282 -0.00039108970040851516 -0.00026728228035299205 0.00011698004033345246 0.00017466383785304766 0.0005628342344163227 0.00015573431144199162; -0.002390327576887311 -0.0051786857312000265 -0.002101319619455881 -0.0017384002727465961 -0.001307874264340124 -0.0011262406186488439 -0.0003812022632318719 -0.00024903447883166857 0.00013572600734927914 0.00029854630410956686 0.00015573431144199162 0.001151811221439424]
)
)
[INFO] Iteration 98304.
[INFO] Current time 2025-01-16T11:02:16.929.
[INFO] Elapsed time 82.02531909942627 seconds.
[INFO] Acceptance ratio 0.32781982421875.
[INFO] Number of proposed samples with infinite loglikelihood: 0 of the last 16384 iterations.
[INFO] Remaining time 604717.9746778011 seconds
[INFO] Remaining iterations 482768
[INFO] Current sample [4.880091200341853, 2.610362014565077, 2.20646633333131, 2.2524303220168913, 2.1524380032591917, 2.0346866218724053, 1.3329208423728662, 1.2539231923828056, 0.7288075062207992, 0.5864998008007318, 0.626688316052325, 0.5923033918599653].
[INFO] Current loglikelihood -756.8527871228159.
[INFO] Adapting proposal at iteration 98304.
[INFO] Proposal at iteration 98304: MutableMvNormal{FullNormal}(FullNormal(
dim: 12
μ: [4.880091200341853, 2.610362014565077, 2.20646633333131, 2.2524303220168913, 2.1524380032591917, 2.0346866218724053, 1.3329208423728662, 1.2539231923828056, 0.7288075062207992, 0.5864998008007318, 0.626688316052325, 0.5923033918599653]
Σ: [0.07226779521354573 -0.03528485490250898 0.018188828498630426 0.01453442881067655 0.008945946715154916 0.0065981383301152614 0.0006910047016106707 0.0010689735021237425 -0.0037074677610665543 -0.002948647967414063 -0.001725148104973917 -0.0025767999260056596; -0.03528485490250898 0.19303482344036946 0.03251173513620181 0.02810192879628769 0.02316932525588701 0.021831146366478343 0.00912537648525091 0.005590923743711172 0.0013133167238593081 -0.003341752142711307 -0.006290322259694178 -0.005132702872772873; 0.018188828498630426 0.03251173513620181 0.02807359284935466 0.01563347899250925 0.00921864956705227 0.007599097858412402 0.002305583968550714 0.0018041299250452195 -0.0011004771090213264 -0.0018300414907612011 -0.0021154352583761062 -0.002441699713226593; 0.01453442881067655 0.02810192879628769 0.01563347899250925 0.017904069574499654 0.008206201328602359 0.006445408807758513 0.0020629846190650435 0.0014312427720162486 -0.0008488690479226016 -0.0015059459930677008 -0.001768955233128129 -0.0019683585519182276; 0.008945946715154916 0.02316932525588701 0.00921864956705227 0.008206201328602359 0.00863610287973623 0.004696567077721458 0.0015209447037978676 0.0011175448072376537 -0.0005664426171055002 -0.0011141426612137739 -0.001300640204494321 -0.001401070411024217; 0.0065981383301152614 0.021831146366478343 0.007599097858412402 0.006445408807758513 0.004696567077721458 0.0052834681902709495 0.0012520285278222098 0.0009546638984792102 -0.00040700240724009484 -0.0009651864278751129 -0.0011819519455200998 -0.0011805740458626923; 0.0006910047016106707 0.00912537648525091 0.002305583968550714 0.0020629846190650435 0.0015209447037978676 0.0012520285278222098 0.0008786784504092737 0.0002827529403774226 -4.543171596774042e-5 -0.0002956658413555622 -0.0003967920459519333 -0.00033651113442614443; 0.0010689735021237425 0.005590923743711172 0.0018041299250452195 0.0014312427720162486 0.0011175448072376537 0.0009546638984792102 0.0002827529403774226 0.0004607038924034206 -0.0001141218339566878 -0.00020810817845848143 -0.00026966579624812997 -0.0002937820468819232; -0.0037074677610665543 0.0013133167238593081 -0.0011004771090213264 -0.0008488690479226016 -0.0005664426171055002 -0.00040700240724009484 -4.543171596774042e-5 -0.0001141218339566878 0.0003146503952806829 0.00012705198954479229 0.00012249974267974082 0.00016449620583931657; -0.002948647967414063 -0.003341752142711307 -0.0018300414907612011 -0.0015059459930677008 -0.0011141426612137739 -0.0009651864278751129 -0.0002956658413555622 -0.00020810817845848143 0.00012705198954479229 0.0003984334556048754 0.00021427809742952285 0.00028487402326013417; -0.001725148104973917 -0.006290322259694178 -0.0021154352583761062 -0.001768955233128129 -0.001300640204494321 -0.0011819519455200998 -0.0003967920459519333 -0.00026966579624812997 0.00012249974267974082 0.00021427809742952285 0.000603265528846587 0.00017750363711325037; -0.0025767999260056596 -0.005132702872772873 -0.002441699713226593 -0.0019683585519182276 -0.001401070411024217 -0.0011805740458626923 -0.00033651113442614443 -0.0002937820468819232 0.00016449620583931657 0.00028487402326013417 0.00017750363711325037 0.0011622009143458908]
)
)
[INFO] Iteration 114688.
[INFO] Current time 2025-01-16T11:02:30.240.
[INFO] Elapsed time 95.35202717781067 seconds.
[INFO] Acceptance ratio 0.32843017578125.
[INFO] Number of proposed samples with infinite loglikelihood: 1 of the last 16384 iterations.
[INFO] Remaining time 604704.6479668617 seconds
[INFO] Remaining iterations 466384
[INFO] Current sample [5.390365687141398, 3.9079080312847965, 2.9184213561088432, 2.6500578244283304, 2.502404738801066, 2.222806736005413, 1.3875391553173302, 1.3594177721141278, 0.6930559967290021, 0.4893944981212303, 0.5640641565047657, 0.6334853530724914].
[INFO] Current loglikelihood -752.5660657924558.
[INFO] Adapting proposal at iteration 114688.
[INFO] Proposal at iteration 114688: MutableMvNormal{FullNormal}(FullNormal(
dim: 12
μ: [5.390365687141398, 3.9079080312847965, 2.9184213561088432, 2.6500578244283304, 2.502404738801066, 2.222806736005413, 1.3875391553173302, 1.3594177721141278, 0.6930559967290021, 0.4893944981212303, 0.5640641565047657, 0.6334853530724914]
Σ: [0.07184084196306538 -0.029541961247081572 0.017833619069697642 0.0144658700024991 0.010643413870410798 0.006549867590347664 0.0016424761591117337 0.0013657071747947716 -0.0035956324776292388 -0.0031831267195205825 -0.0018553617138367148 -0.0031613813850594175; -0.029541961247081572 0.17373376996665663 0.033060799916552364 0.028286821064007418 0.023686989522422052 0.0202262992534299 0.00747787170355361 0.005020580436486373 0.0011014553144402183 -0.0033303194078132935 -0.005596794021373773 -0.0037742173509962423; 0.017833619069697642 0.033060799916552364 0.027762310891084965 0.015289089989449332 0.009492500065230837 0.0072102735753517815 0.0025354415355415155 0.0016556953737608283 -0.0008855160718224973 -0.002053927537450455 -0.0020328770822829146 -0.0018823643547773786; 0.0144658700024991 0.028286821064007418 0.015289089989449332 0.017563011327945407 0.008632033005038151 0.005929972768188612 0.002169511578375007 0.0014894404197490366 -0.0007790316483716556 -0.0016184560965592963 -0.0017614638942309024 -0.0016791184984622485; 0.010643413870410798 0.023686989522422052 0.009492500065230837 0.008632033005038151 0.009560296743692319 0.004835489063555563 0.0016252319682330998 0.001169263719715287 -0.0005916605862213909 -0.0012507420904321657 -0.0013601071630712966 -0.0013780176749927716; 0.006549867590347664 0.0202262992534299 0.0072102735753517815 0.005929972768188612 0.004835489063555563 0.004923799302723147 0.0011624856980335802 0.0009446122758023016 -0.0003850106801259597 -0.0009280103639048683 -0.0010919432262542752 -0.0009874315395834714; 0.0016424761591117337 0.00747787170355361 0.0025354415355415155 0.002169511578375007 0.0016252319682330998 0.0011624856980335802 0.0008216619207550284 0.0002470641893191491 -7.961303270939311e-5 -0.00029885687984433575 -0.0003491432391607908 -0.0003389687572101599; 0.0013657071747947716 0.005020580436486373 0.0016556953737608283 0.0014894404197490366 0.001169263719715287 0.0009446122758023016 0.0002470641893191491 0.000465021047138898 -0.00013593168123854878 -0.00020763276542840376 -0.00026422552912012254 -0.0002279487349021463; -0.0035956324776292388 0.0011014553144402183 -0.0008855160718224973 -0.0007790316483716556 -0.0005916605862213909 -0.0003850106801259597 -7.961303270939311e-5 -0.00013593168123854878 0.0002972912627486936 0.0001254932768878567 0.00012162629882645885 0.00015658143630815937; -0.0031831267195205825 -0.0033303194078132935 -0.002053927537450455 -0.0016184560965592963 -0.0012507420904321657 -0.0009280103639048683 -0.00029885687984433575 -0.00020763276542840376 0.0001254932768878567 0.0004207178039973629 0.00020817745178806533 0.00031854175417459684; -0.0018553617138367148 -0.005596794021373773 -0.0020328770822829146 -0.0017614638942309024 -0.0013601071630712966 -0.0010919432262542752 -0.0003491432391607908 -0.00026422552912012254 0.00012162629882645885 0.00020817745178806533 0.0005953234792640508 0.00011249620621334785; -0.0031613813850594175 -0.0037742173509962423 -0.0018823643547773786 -0.0016791184984622485 -0.0013780176749927716 -0.0009874315395834714 -0.0003389687572101599 -0.0002279487349021463 0.00015658143630815937 0.00031854175417459684 0.00011249620621334785 0.0011615975724771732]
)
)
[INFO] Iteration 131072.
[INFO] Current time 2025-01-16T11:02:43.495.
[INFO] Elapsed time 108.59181499481201 seconds.
[INFO] Acceptance ratio 0.33160400390625.
[INFO] Number of proposed samples with infinite loglikelihood: 0 of the last 16384 iterations.
[INFO] Remaining time 604691.4081809521 seconds
[INFO] Remaining iterations 450000
[INFO] Current sample [4.182950828249124, 3.8483817333975634, 2.6115299915462296, 2.1844986347203634, 2.1499295423715776, 1.9657495515884402, 1.3277772493463655, 1.3329820077899077, 0.7605340845616889, 0.5897664825535457, 0.541357143796063, 0.7054334942092039].
[INFO] Current loglikelihood -751.6668579857907.
[INFO] Adapting proposal at iteration 131072.
[INFO] Proposal at iteration 131072: MutableMvNormal{FullNormal}(FullNormal(
dim: 12
μ: [4.182950828249124, 3.8483817333975634, 2.6115299915462296, 2.1844986347203634, 2.1499295423715776, 1.9657495515884402, 1.3277772493463655, 1.3329820077899077, 0.7605340845616889, 0.5897664825535457, 0.541357143796063, 0.7054334942092039]
Σ: [0.07320116322078778 -0.034021986824898376 0.015604568442550265 0.013241613894161668 0.010022813357961164 0.005866305040656417 0.0007109342504783449 0.0014176520255961363 -0.0037966199091141804 -0.0031246393125508175 -0.0017518814429002734 -0.0023547631014070656; -0.034021986824898376 0.19303915673156352 0.033641743019365976 0.02764814815354214 0.023990166253556044 0.021947983805121824 0.009535399227429171 0.005008795098679756 0.0014998652669916675 -0.0035286962777537198 -0.006067762202559771 -0.004660030201933937; 0.015604568442550265 0.033641743019365976 0.02850852340387337 0.01400158550736778 0.009349746794537352 0.006607262519883858 0.00245101927058731 0.0016962183780493945 -0.0008805143205890471 -0.0018306541968125087 -0.001820922315814863 -0.0018153147417199907; 0.013241613894161668 0.02764814815354214 0.01400158550736778 0.016024963961747046 0.007672855118411169 0.005581500716953923 0.0019801853786518566 0.0013590704647436277 -0.0007358992042888318 -0.0015151512471066571 -0.0015160952394742378 -0.001565775604813943; 0.010022813357961164 0.023990166253556044 0.009349746794537352 0.007672855118411169 0.009235765180614744 0.004761587391903491 0.0017418262756629603 0.0011206994345883928 -0.0005165454161651771 -0.0013044312474938258 -0.0013275208203752014 -0.0012157433905291345; 0.005866305040656417 0.021947983805121824 0.006607262519883858 0.005581500716953923 0.004761587391903491 0.00510481448484103 0.00131417242981063 0.0009303560442496038 -0.00035107815308860045 -0.0009337529522915014 -0.0010981183989420763 -0.0010214090749555147; 0.0007109342504783449 0.009535399227429171 0.00245101927058731 0.0019801853786518566 0.0017418262756629603 0.00131417242981063 0.0009036196751714446 0.0002675808292427546 -3.492184546265631e-5 -0.0003138512789000186 -0.00038519937239418057 -0.00036108547399118894; 0.0014176520255961363 0.005008795098679756 0.0016962183780493945 0.0013590704647436277 0.0011206994345883928 0.0009303560442496038 0.0002675808292427546 0.00046632962706506505 -0.00013024164931966367 -0.00019891102870978498 -0.0002750606936431973 -0.00022003241469610693; -0.0037966199091141804 0.0014998652669916675 -0.0008805143205890471 -0.0007358992042888318 -0.0005165454161651771 -0.00035107815308860045 -3.492184546265631e-5 -0.00013024164931966367 0.0003284710963738569 0.00011474797367496154 0.00013425953971878864 0.00012273285580610964; -0.0031246393125508175 -0.0035286962777537198 -0.0018306541968125087 -0.0015151512471066571 -0.0013044312474938258 -0.0009337529522915014 -0.0003138512789000186 -0.00019891102870978498 0.00011474797367496154 0.00043982832093853786 0.00019962581561149418 0.00027300377220182404; -0.0017518814429002734 -0.006067762202559771 -0.001820922315814863 -0.0015160952394742378 -0.0013275208203752014 -0.0010981183989420763 -0.00038519937239418057 -0.0002750606936431973 0.00013425953971878864 0.00019962581561149418 0.0006145005768408197 0.00012231085504110157; -0.0023547631014070656 -0.004660030201933937 -0.0018153147417199907 -0.001565775604813943 -0.0012157433905291345 -0.0010214090749555147 -0.00036108547399118894 -0.00022003241469610693 0.00012273285580610964 0.00027300377220182404 0.00012231085504110157 0.0011171846705932936]
)
)
[INFO] Iteration 147456.
[INFO] Current time 2025-01-16T11:02:56.941.
[INFO] Elapsed time 122.03733801841736 seconds.
[INFO] Acceptance ratio 0.31915283203125.
[INFO] Number of proposed samples with infinite loglikelihood: 0 of the last 16384 iterations.
[INFO] Remaining time 604677.9626579285 seconds
[INFO] Remaining iterations 433616
[INFO] Current sample [4.352011979006334, 4.26544747828585, 2.4991956045246404, 2.227748656667663, 2.409931548162829, 2.148246239607961, 1.3731693766865967, 1.3465870240689675, 0.7370374752338762, 0.5622379418411807, 0.5356558318290968, 0.5724719895523647].
[INFO] Current loglikelihood -751.9763356974083.
[INFO] Iteration 163840.
[INFO] Current time 2025-01-16T11:03:10.059.
[INFO] Elapsed time 135.15595722198486 seconds.
[INFO] Acceptance ratio 0.32220458984375.
[INFO] Number of proposed samples with infinite loglikelihood: 0 of the last 16384 iterations.
[INFO] Remaining time 604664.8440389633 seconds
[INFO] Remaining iterations 417232
[INFO] Current sample [4.7580066012394795, 2.7559157633075158, 2.856405973545232, 2.2610691951559816, 2.273320109010295, 2.0057774290282815, 1.2567738167010594, 1.3185785284460347, 0.7374861247059488, 0.5799713044080669, 0.5584526463425791, 0.6064294069035258].
[INFO] Current loglikelihood -752.1270511870288.
[INFO] Iteration 180224.
[INFO] Current time 2025-01-16T11:03:23.297.
[INFO] Elapsed time 148.39388918876648 seconds.
[INFO] Acceptance ratio 0.324951171875.
[INFO] Number of proposed samples with infinite loglikelihood: 0 of the last 16384 iterations.
[INFO] Remaining time 604651.6061069965 seconds
[INFO] Remaining iterations 400848
[INFO] Current sample [3.606242837723195, 3.0367173917097707, 2.4028997270358623, 1.6909106106417597, 1.8322322466839416, 1.7984385447527074, 1.288445254448746, 1.2540102035244056, 0.7934641752708284, 0.6809186353570055, 0.5788259272930316, 0.7479055956589913].
[INFO] Current loglikelihood -757.7853632026428.
[INFO] Iteration 196608.
[INFO] Current time 2025-01-16T11:03:36.646.
[INFO] Elapsed time 161.74288821220398 seconds.
[INFO] Acceptance ratio 0.314208984375.
[INFO] Number of proposed samples with infinite loglikelihood: 0 of the last 16384 iterations.
[INFO] Remaining time 604638.2571079731 seconds
[INFO] Remaining iterations 384464
[INFO] Current sample [3.5831939505127757, 3.648785150564353, 1.9008504616458095, 1.8045800881303646, 2.074337051560498, 1.8429655963677858, 1.3372330623270436, 1.2469841799427284, 0.8000086849553772, 0.6226823207196471, 0.6053021127344278, 0.6787284565274182].
[INFO] Current loglikelihood -760.1580815279907.
[INFO] Iteration 212992.
[INFO] Current time 2025-01-16T11:03:49.733.
[INFO] Elapsed time 174.82968401908875 seconds.
[INFO] Acceptance ratio 0.3233642578125.
[INFO] Number of proposed samples with infinite loglikelihood: 0 of the last 16384 iterations.
[INFO] Remaining time 604625.1703128815 seconds
[INFO] Remaining iterations 368080
[INFO] Current sample [4.1123970336644025, 3.857012661579714, 2.178448462032492, 2.0699058638654377, 2.25197476486376, 2.0672917043324506, 1.2380959851971756, 1.3258507573307563, 0.7627185310460631, 0.5847468745466443, 0.5847508956324963, 0.6471527318319731].
[INFO] Current loglikelihood -754.3072089181513.
[INFO] Iteration 229376.
[INFO] Current time 2025-01-16T11:04:02.865.
[INFO] Elapsed time 187.96129703521729 seconds.
[INFO] Acceptance ratio 0.31494140625.
[INFO] Number of proposed samples with infinite loglikelihood: 0 of the last 16384 iterations.
[INFO] Remaining time 604612.0386998653 seconds
[INFO] Remaining iterations 351696
[INFO] Current sample [4.784735087696918, 3.361345958364336, 2.2944755492460813, 2.1428621734151503, 2.3168621500501025, 2.074499477613556, 1.2706044352521666, 1.3327369317067277, 0.7392872115721935, 0.5636988424500583, 0.5960131140801403, 0.5795305720566324].
[INFO] Current loglikelihood -751.6567510114232.
[INFO] Iteration 245760.
[INFO] Current time 2025-01-16T11:04:16.109.
[INFO] Elapsed time 201.2052800655365 seconds.
[INFO] Acceptance ratio 0.3134765625.
[INFO] Number of proposed samples with infinite loglikelihood: 0 of the last 16384 iterations.
[INFO] Remaining time 604598.794716835 seconds
[INFO] Remaining iterations 335312
[INFO] Current sample [4.407897604997551, 3.436627997124508, 2.434421119946824, 2.1789452679087535, 1.9831394930177375, 2.007870208272096, 1.3236925610308032, 1.2900470785856175, 0.7552573987311698, 0.5807635928508447, 0.6692411460289596, 0.6739439651639257].
[INFO] Current loglikelihood -756.7332041479872.
[INFO] Iteration 262144.
[INFO] Current time 2025-01-16T11:04:29.231.
[INFO] Elapsed time 214.32816004753113 seconds.
[INFO] Acceptance ratio 0.32183837890625.
[INFO] Number of proposed samples with infinite loglikelihood: 0 of the last 16384 iterations.
[INFO] Remaining time 604585.6718358994 seconds
[INFO] Remaining iterations 318928
[INFO] Current sample [5.001832193281637, 3.2202432084511017, 2.5548714262919296, 2.4259774549949547, 2.258005729140463, 2.0017719320900564, 1.2919719308771394, 1.308299896698286, 0.6972383338237439, 0.5816229013655588, 0.6135642199198074, 0.5766187999181139].
[INFO] Current loglikelihood -752.6833986554647.
[INFO] Iteration 278528.
[INFO] Current time 2025-01-16T11:04:42.309.
[INFO] Elapsed time 227.40609121322632 seconds.
[INFO] Acceptance ratio 0.32476806640625.
[INFO] Number of proposed samples with infinite loglikelihood: 0 of the last 16384 iterations.
[INFO] Remaining time 604572.5939059258 seconds
[INFO] Remaining iterations 302544
[INFO] Current sample [5.078323514095719, 3.3867788122948146, 2.8895085620246928, 2.1339406861824006, 2.3240521246515504, 2.0449461554006874, 1.3217536350619388, 1.2956079705625523, 0.6837049395467573, 0.5771534990740312, 0.5598479036931642, 0.7101733425435139].
[INFO] Current loglikelihood -751.79486002203.
[INFO] Iteration 294912.
[INFO] Current time 2025-01-16T11:04:55.376.
[INFO] Elapsed time 240.47255516052246 seconds.
[INFO] Acceptance ratio 0.314453125.
[INFO] Number of proposed samples with infinite loglikelihood: 0 of the last 16384 iterations.
[INFO] Remaining time 604559.5274407864 seconds
[INFO] Remaining iterations 286160
