[INFO] Iteration 16384.
[INFO] Current time 2025-02-21T17:59:16.557.
[INFO] Elapsed time 20.656732082366943 seconds.
[INFO] Acceptance ratio 0.22412109375.
[INFO] Number of proposed samples with infinite loglikelihood: 0 of the last 16384 iterations.
[INFO] Remaining time 604779.3432638645 seconds
[INFO] Remaining iterations 814688
[INFO] Current sample [2.0608430563481823, 9.81948827710192, 3.071381521338097, 2.8455281320194237, 2.321058129277811, 2.7329634549582673, 2.441703146330078, 2.2274675813161515, 1.6619838095857604, 1.420076270864133, 1.287315717457367, 0.756503761258544, 0.6579824301008002, 0.5014677061339126, 0.4520532359024396, 0.4892610968691617, -735.7618684771435].
[INFO] Current loglikelihood -722.3526750534826.
[INFO] Adapting proposal at iteration 16384.
[INFO] Proposal at iteration 16384: MutableMvNormal{FullNormal}(FullNormal(
dim: 16
μ: [2.0608430563481823, 9.81948827710192, 3.071381521338097, 2.8455281320194237, 2.321058129277811, 2.7329634549582673, 2.441703146330078, 2.2274675813161515, 1.6619838095857604, 1.420076270864133, 1.287315717457367, 0.756503761258544, 0.6579824301008002, 0.5014677061339126, 0.4520532359024396, 0.4892610968691617]
Σ: [0.038608005652218745 -0.062633285597892 0.007828899218876919 0.0034157785220946123 0.0012070073782211278 -4.5057788941584946e-5 0.0025512511951310216 -0.0028975150168245156 -0.002811462887780997 0.0001091826182510541 -0.002550161431781239 -0.002339798985699359 -0.0011116425616103569 -0.0008980635261072395 0.001022835356272439 0.0005926053356852671; -0.062633285597892 0.7601029415208232 0.11921207046359296 0.11238942328301996 0.10361066761799247 0.08738397178413304 0.07873530319665782 0.0781834491170156 0.04733450486321418 0.027580462923228286 0.024756899871780657 0.00973299684384681 -0.004576957993447904 -0.011733832779289372 -0.022649509020189574 -0.02231039307798179; 0.007828899218876919 0.11921207046359296 0.05100695272334615 0.03261667505476707 0.0245580985252846 0.017969820516631714 0.01733285919890714 0.014052714924405687 0.00804782450651093 0.005412450067966681 0.0037285898239423514 0.0007047286299142117 -0.001456946881898572 -0.0029697035964794585 -0.004021326665013499 -0.0039915169643754715; 0.0034157785220946123 0.11238942328301996 0.03261667505476707 0.033723394191930364 0.023435275834184324 0.016327500081655264 0.01517255110026939 0.012878572114997483 0.007442199046910739 0.004862785054826961 0.0034571367480347886 0.0008044467677696004 -0.0012170365890588203 -0.0024650647031320243 -0.0036378669380235217 -0.0036982145158007316; 0.0012070073782211278 0.10361066761799247 0.0245580985252846 0.023435275834184324 0.026911745733769903 0.015402991731615776 0.013113010143674357 0.011541971897649833 0.006846270968096189 0.004356906992062871 0.0033341096755942694 0.0008709410547716439 -0.0011300493215435612 -0.0021827983476863824 -0.0033682550336910856 -0.003264430210345836; -4.5057788941584946e-5 0.08738397178413304 0.017969820516631714 0.016327500081655264 0.015402991731615776 0.01663942790790874 0.011371989560617019 0.009455280179399513 0.005781839223944781 0.003658744209881095 0.0028178446678091724 0.0007517343289164083 -0.0008114723053683476 -0.001734003369004736 -0.002869479741046738 -0.002742297412169368; 0.0025512511951310216 0.07873530319665782 0.01733285919890714 0.01517255110026939 0.013113010143674357 0.011371989560617019 0.01321149280200399 0.008995199924779236 0.005183629101247207 0.0035371382167395703 0.0024503691373660074 0.000587798184746495 -0.0008334553812131728 -0.0017286668370278956 -0.0025797724834149493 -0.0026175586169315773; -0.0028975150168245156 0.0781834491170156 0.014052714924405687 0.012878572114997483 0.011541971897649833 0.009455280179399513 0.008995199924779236 0.009764891542106306 0.004867783946303886 0.003124743320662085 0.0025269028791711718 0.0008351096523729999 -0.0006481634762152835 -0.0014376731237466817 -0.002434172959015888 -0.002434486357529407; -0.002811462887780997 0.04733450486321418 0.00804782450651093 0.007442199046910739 0.006846270968096189 0.005781839223944781 0.005183629101247207 0.004867783946303886 0.003532939718881694 0.0017436719933293194 0.0015328432055056206 0.0005495467302436014 -0.0003219171402904965 -0.0007927167266221998 -0.0014066350473789127 -0.001406183711790364; 0.0001091826182510541 0.027580462923228286 0.005412450067966681 0.004862785054826961 0.004356906992062871 0.003658744209881095 0.0035371382167395703 0.003124743320662085 0.0017436719933293194 0.0015468490488523003 0.0008333306526271133 0.00025883199069012363 -0.00029265706512696175 -0.0005708820104516186 -0.000887403706836047 -0.0009165618533222305; -0.002550161431781239 0.024756899871780657 0.0037285898239423514 0.0034571367480347886 0.0033341096755942694 0.0028178446678091724 0.0024503691373660074 0.0025269028791711718 0.0015328432055056206 0.0008333306526271133 0.001044888702936771 0.00032299231997872876 -0.00011362046996850999 -0.00034740974418397857 -0.0007349385121863398 -0.000705464829892059; -0.002339798985699359 0.00973299684384681 0.0007047286299142117 0.0008044467677696004 0.0008709410547716439 0.0007517343289164083 0.000587798184746495 0.0008351096523729999 0.0005495467302436014 0.00025883199069012363 0.00032299231997872876 0.0003534767832269103 -3.5982255502431084e-5 -4.527693559419562e-5 -0.00024788556682559865 -0.00022617831649350735; -0.0011116425616103569 -0.004576957993447904 -0.001456946881898572 -0.0012170365890588203 -0.0011300493215435612 -0.0008114723053683476 -0.0008334553812131728 -0.0006481634762152835 -0.0003219171402904965 -0.00029265706512696175 -0.00011362046996850999 -3.5982255502431084e-5 0.00026874979139298005 0.00012987188087713766 0.00020033542545692292 0.000176853749951683; -0.0008980635261072395 -0.011733832779289372 -0.0029697035964794585 -0.0024650647031320243 -0.0021827983476863824 -0.001734003369004736 -0.0017286668370278956 -0.0014376731237466817 -0.0007927167266221998 -0.0005708820104516186 -0.00034740974418397857 -4.527693559419562e-5 0.00012987188087713766 0.00044743826907629676 0.0003793072088117451 0.00042958741041773; 0.001022835356272439 -0.022649509020189574 -0.004021326665013499 -0.0036378669380235217 -0.0033682550336910856 -0.002869479741046738 -0.0025797724834149493 -0.002434172959015888 -0.0014066350473789127 -0.000887403706836047 -0.0007349385121863398 -0.00024788556682559865 0.00020033542545692292 0.0003793072088117451 0.0009604996047624647 0.0006547779901260109; 0.0005926053356852671 -0.02231039307798179 -0.0039915169643754715 -0.0036982145158007316 -0.003264430210345836 -0.002742297412169368 -0.0026175586169315773 -0.002434486357529407 -0.001406183711790364 -0.0009165618533222305 -0.000705464829892059 -0.00022617831649350735 0.000176853749951683 0.00042958741041773 0.0006547779901260109 0.0010989720220071371]
)
)
[INFO] Iteration 32768.
[INFO] Current time 2025-02-21T17:59:35.971.
[INFO] Elapsed time 40.02327609062195 seconds.
[INFO] Acceptance ratio 0.2412109375.
[INFO] Number of proposed samples with infinite loglikelihood: 0 of the last 16384 iterations.
[INFO] Remaining time 604759.9767198563 seconds
[INFO] Remaining iterations 798304
[INFO] Current sample [2.001501576081381, 8.50449716124057, 2.371077975460491, 2.326999293185917, 2.2069427343722534, 2.496790606104481, 2.3483478598259437, 2.0853228116787377, 1.4651228783720183, 1.4270553886111406, 1.3211351307464096, 0.7438007415098546, 0.6601598400421322, 0.5242855384018437, 0.5267778251361331, 0.5313397467929113, -736.7190523196399].
[INFO] Current loglikelihood -727.3044220876416.
[INFO] Adapting proposal at iteration 32768.
[INFO] Proposal at iteration 32768: MutableMvNormal{FullNormal}(FullNormal(
dim: 16
μ: [2.001501576081381, 8.50449716124057, 2.371077975460491, 2.326999293185917, 2.2069427343722534, 2.496790606104481, 2.3483478598259437, 2.0853228116787377, 1.4651228783720183, 1.4270553886111406, 1.3211351307464096, 0.7438007415098546, 0.6601598400421322, 0.5242855384018437, 0.5267778251361331, 0.5313397467929113]
Σ: [0.039688568781382196 -0.052578753651459816 0.006538013059057502 0.005197554535654873 0.005176927515566209 0.0023927871242485498 0.004453556574665996 -0.0014941552857559925 -0.0028171991273889772 0.0005528385964447922 -0.001946332212530068 -0.0022548805767141915 -0.001400575495166152 -0.0007860453419959687 0.0006022167656958458 0.0002614862518807592; -0.052578753651459816 0.7650239760364945 0.11206116565232592 0.1176588103631804 0.10715353525263976 0.09485683068659606 0.08001520256814187 0.08093706985177303 0.049247291505885964 0.02898901165572146 0.023252260163610167 0.00894824167416968 -0.004628348940852859 -0.012049086333813078 -0.02272254269936689 -0.024177332449485903; 0.006538013059057502 0.11206116565232592 0.04393282450695381 0.030102583296208303 0.022756191981737887 0.018158754352166583 0.014815770529107144 0.013309463462481089 0.007337356859909776 0.005192158206961186 0.00330731419922703 0.0005977341842417098 -0.0014169408857961044 -0.002429715028478501 -0.0036444502436749518 -0.004256491325506031; 0.005197554535654873 0.1176588103631804 0.030102583296208303 0.034219522559483496 0.024616368478174534 0.018920637936906754 0.01590315354264354 0.01390473293646386 0.0077620050076603435 0.005308011778617322 0.0033623154897580686 0.0007481608738418504 -0.00140224714640983 -0.002394714735649076 -0.0037446823880078746 -0.004182364491249614; 0.005176927515566209 0.10715353525263976 0.022756191981737887 0.024616368478174534 0.029725050331095102 0.017995479846624224 0.014838931302553144 0.012680936280169 0.007146755204088416 0.004960072609163313 0.0030176338951309256 0.0007130013305737272 -0.0013056878019041878 -0.002183855056561167 -0.0035531493555059288 -0.003876941223011942; 0.0023927871242485498 0.09485683068659606 0.018158754352166583 0.018920637936906754 0.017995479846624224 0.018770072614797705 0.012642052819196748 0.01115450614051652 0.006150306032802788 0.004172080310296196 0.0027072551916485685 0.0007872675026391044 -0.0010338478561013292 -0.0018688530163440949 -0.0030560989908886256 -0.003390126140428147; 0.004453556574665996 0.08001520256814187 0.014815770529107144 0.01590315354264354 0.014838931302553144 0.012642052819196748 0.013895928619197893 0.009463417939184152 0.005256631195970456 0.0037472341151827144 0.0022815482766898503 0.0004742075133864842 -0.0009467512549610392 -0.0017058109715553738 -0.002618132426410815 -0.002861230659550106; -0.0014941552857559925 0.08093706985177303 0.013309463462481089 0.01390473293646386 0.012680936280169 0.01115450614051652 0.009463417939184152 0.010325741116987374 0.005219961051051407 0.003325171527205934 0.002428453371850666 0.0007515204126799674 -0.0006619069238885224 -0.001481614677224539 -0.0024808448958947857 -0.0027174061687126405; -0.0028171991273889772 0.049247291505885964 0.007337356859909776 0.0077620050076603435 0.007146755204088416 0.006150306032802788 0.005256631195970456 0.005219961051051407 0.0036883280583094352 0.0018472822480780189 0.0014918462357296405 0.0005627282184892695 -0.0003162646851652692 -0.0007809742811725631 -0.0014873635768044657 -0.0015579880831103716; 0.0005528385964447922 0.02898901165572146 0.005192158206961186 0.005308011778617322 0.004960072609163313 0.004172080310296196 0.0037472341151827144 0.003325171527205934 0.0018472822480780189 0.0016380616821890968 0.0008167741342944282 0.00022185769344364243 -0.0003001803422278378 -0.0005715412122742706 -0.0009195915425472478 -0.000996673067115023; -0.001946332212530068 0.023252260163610167 0.00330731419922703 0.0033623154897580686 0.0030176338951309256 0.0027072551916485685 0.0022815482766898503 0.002428453371850666 0.0014918462357296405 0.0008167741342944282 0.0009708668696747697 0.00026622100911134305 -0.00011534358604353783 -0.00034418877956300496 -0.0006848305011499186 -0.000709448990825823; -0.0022548805767141915 0.00894824167416968 0.0005977341842417098 0.0007481608738418504 0.0007130013305737272 0.0007872675026391044 0.0004742075133864842 0.0007515204126799674 0.0005627282184892695 0.00022185769344364243 0.00026622100911134305 0.00032220785586369846 -1.7234275064612816e-6 -5.6197187433858836e-5 -0.00021270184693713347 -0.00021552713732889297; -0.001400575495166152 -0.004628348940852859 -0.0014169408857961044 -0.00140224714640983 -0.0013056878019041878 -0.0010338478561013292 -0.0009467512549610392 -0.0006619069238885224 -0.0003162646851652692 -0.0003001803422278378 -0.00011534358604353783 -1.7234275064612816e-6 0.00025821588969019446 0.00013699868173273926 0.0001951914608385379 0.0002185488946239577; -0.0007860453419959687 -0.012049086333813078 -0.002429715028478501 -0.002394714735649076 -0.002183855056561167 -0.0018688530163440949 -0.0017058109715553738 -0.001481614677224539 -0.0007809742811725631 -0.0005715412122742706 -0.00034418877956300496 -5.6197187433858836e-5 0.00013699868173273926 0.0004275959258800343 0.0003729690320238912 0.00044285340940936844; 0.0006022167656958458 -0.02272254269936689 -0.0036444502436749518 -0.0037446823880078746 -0.0035531493555059288 -0.0030560989908886256 -0.002618132426410815 -0.0024808448958947857 -0.0014873635768044657 -0.0009195915425472478 -0.0006848305011499186 -0.00021270184693713347 0.0001951914608385379 0.0003729690320238912 0.0009372680409322571 0.000731630394390505; 0.0002614862518807592 -0.024177332449485903 -0.004256491325506031 -0.004182364491249614 -0.003876941223011942 -0.003390126140428147 -0.002861230659550106 -0.0027174061687126405 -0.0015579880831103716 -0.000996673067115023 -0.000709448990825823 -0.00021552713732889297 0.0002185488946239577 0.00044285340940936844 0.000731630394390505 0.0011485320325838736]
)
)
[INFO] Iteration 49152.
[INFO] Current time 2025-02-21T17:59:54.928.
[INFO] Elapsed time 58.980334997177124 seconds.
[INFO] Acceptance ratio 0.24737548828125.
[INFO] Number of proposed samples with infinite loglikelihood: 0 of the last 16384 iterations.
[INFO] Remaining time 604741.019659996 seconds
[INFO] Remaining iterations 781920
[INFO] Current sample [2.4119787377070647, 8.98141957331126, 3.2888964582245945, 3.009167925475882, 2.873010040792925, 2.269448842995374, 2.5002598377522998, 2.11229153902274, 1.5257283011096596, 1.4694455961552828, 1.2935826134382602, 0.7969406817086833, 0.6185850572371965, 0.5261249003610348, 0.49378880152152566, 0.4721219662723073, -743.4259854504805].
[INFO] Current loglikelihood -730.8185122446165.
[INFO] Adapting proposal at iteration 49152.
[INFO] Proposal at iteration 49152: MutableMvNormal{FullNormal}(FullNormal(
dim: 16
μ: [2.4119787377070647, 8.98141957331126, 3.2888964582245945, 3.009167925475882, 2.873010040792925, 2.269448842995374, 2.5002598377522998, 2.11229153902274, 1.5257283011096596, 1.4694455961552828, 1.2935826134382602, 0.7969406817086833, 0.6185850572371965, 0.5261249003610348, 0.49378880152152566, 0.4721219662723073]
Σ: [0.032509983039922925 -0.04878112172425087 0.008067373069296698 0.004331355659954343 0.0027454851444332264 0.001307647769482114 0.0038769875056777502 -0.0016211529977892922 -0.0026160525729891975 0.00032253961495419314 -0.0018893743555549584 -0.0019402925082376106 -0.0010433276095458428 -0.0009217506470507373 0.0007545325373143007 0.0003263231199908315; -0.04878112172425087 0.8843337766925934 0.12639616362546585 0.13743623373060787 0.12878084739909754 0.1134519356245126 0.09589855714128397 0.09339802601115409 0.05937393313605471 0.034921657798503564 0.029948969976352893 0.009567564123681375 -0.005243643566966867 -0.013423900212751033 -0.025127721271915864 -0.02465860653486362; 0.008067373069296698 0.12639616362546585 0.048671621278889646 0.03485063407131274 0.026459466165398654 0.020879810404035543 0.01862700573946238 0.014971775676467031 0.008891743860074505 0.006295196394262049 0.0041018872483731365 0.0006135553647375642 -0.0012836596175015548 -0.0028716521755698613 -0.003964251479168707 -0.003920301707883312; 0.004331355659954343 0.13743623373060787 0.03485063407131274 0.03887929249540972 0.02840816446005846 0.021974850128489206 0.01845043021129223 0.01604453141070287 0.009631618491617205 0.006263409367589996 0.004493912181287362 0.0009922267687030204 -0.001331028682170456 -0.00279513537786246 -0.004157619877626693 -0.004142977973689003; 0.0027454851444332264 0.12878084739909754 0.026459466165398654 0.02840816446005846 0.032230817261559956 0.021101385266223564 0.01708350287696942 0.014870905736547728 0.009025884168271674 0.0058723220395737715 0.004282551964270763 0.0009236207397085003 -0.0012393018040461595 -0.0025277152746594317 -0.003890529494472181 -0.003915247651710689; 0.001307647769482114 0.1134519356245126 0.020879810404035543 0.021974850128489206 0.021101385266223564 0.021532334203658552 0.015009537987474352 0.012781747762991765 0.007777972652654618 0.005165511928941561 0.0037726436826538362 0.0009042346466900695 -0.001038971282522892 -0.0022215189738064352 -0.0034033298686676192 -0.003399469728574681; 0.0038769875056777502 0.09589855714128397 0.01862700573946238 0.01845043021129223 0.01708350287696942 0.015009537987474352 0.015947836496389915 0.011023073536504956 0.006681661092142962 0.004509924786429344 0.003153944404600701 0.0005783952090629724 -0.0009819152083548552 -0.0019581485078001087 -0.0028799228461629865 -0.0029720629177221055; -0.0016211529977892922 0.09339802601115409 0.014971775676467031 0.01604453141070287 0.014870905736547728 0.012781747762991765 0.011023073536504956 0.01155158688723694 0.006232014795020492 0.003929776315524122 0.0031251577346009187 0.0008309804430667967 -0.0006682745870355878 -0.001616394890747438 -0.002696700925849393 -0.0027476397602182565; -0.0026160525729891975 0.05937393313605471 0.008891743860074505 0.009631618491617205 0.009025884168271674 0.007777972652654618 0.006681661092142962 0.006232014795020492 0.0045560662549503726 0.002332804343189862 0.0020203085960346125 0.0006056724096728625 -0.0003735067638780968 -0.0009590595617236359 -0.0016905353116218546 -0.001646213582707577; 0.00032253961495419314 0.034921657798503564 0.006295196394262049 0.006263409367589996 0.0058723220395737715 0.005165511928941561 0.004509924786429344 0.003929776315524122 0.002332804343189862 0.0018956796773907656 0.0011447428521068532 0.0002778544983780561 -0.00029734268079720526 -0.0006621331471786821 -0.0010289898557039813 -0.0010307588296337433; -0.0018893743555549584 0.029948969976352893 0.0041018872483731365 0.004493912181287362 0.004282551964270763 0.0037726436826538362 0.003153944404600701 0.0031251577346009187 0.0020203085960346125 0.0011447428521068532 0.0012633742464120904 0.00031786571567472106 -0.00015050097057341396 -0.00044487788021724066 -0.0008356441143648159 -0.0008078899927450072; -0.0019402925082376106 0.009567564123681375 0.0006135553647375642 0.0009922267687030204 0.0009236207397085003 0.0009042346466900695 0.0005783952090629724 0.0008309804430667967 0.0006056724096728625 0.0002778544983780561 0.00031786571567472106 0.00030724645248735467 -4.965781472772279e-6 -5.057810140002553e-5 -0.00023460887187271717 -0.0002184350300822986; -0.0010433276095458428 -0.005243643566966867 -0.0012836596175015548 -0.001331028682170456 -0.0012393018040461595 -0.001038971282522892 -0.0009819152083548552 -0.0006682745870355878 -0.0003735067638780968 -0.00029734268079720526 -0.00015050097057341396 -4.965781472772279e-6 0.0002416697104619322 0.00015089090192406217 0.00020254702989584141 0.00017998397660055058; -0.0009217506470507373 -0.013423900212751033 -0.0028716521755698613 -0.00279513537786246 -0.0025277152746594317 -0.0022215189738064352 -0.0019581485078001087 -0.001616394890747438 -0.0009590595617236359 -0.0006621331471786821 -0.00044487788021724066 -5.057810140002553e-5 0.00015089090192406217 0.00045182746207125064 0.00041080061612895467 0.0004193366783499898; 0.0007545325373143007 -0.025127721271915864 -0.003964251479168707 -0.004157619877626693 -0.003890529494472181 -0.0034033298686676192 -0.0028799228461629865 -0.002696700925849393 -0.0016905353116218546 -0.0010289898557039813 -0.0008356441143648159 -0.00023460887187271717 0.00020254702989584141 0.00041080061612895467 0.0009647775369907324 0.000701881727952851; 0.0003263231199908315 -0.02465860653486362 -0.003920301707883312 -0.004142977973689003 -0.003915247651710689 -0.003399469728574681 -0.0029720629177221055 -0.0027476397602182565 -0.001646213582707577 -0.0010307588296337433 -0.0008078899927450072 -0.0002184350300822986 0.00017998397660055058 0.0004193366783499898 0.000701881727952851 0.0010649175012102125]
)
)
[INFO] Iteration 65536.
[INFO] Current time 2025-02-21T18:00:14.324.
[INFO] Elapsed time 78.37578296661377 seconds.
[INFO] Acceptance ratio 0.24871826171875.
[INFO] Number of proposed samples with infinite loglikelihood: 0 of the last 16384 iterations.
[INFO] Remaining time 604721.624213934 seconds
[INFO] Remaining iterations 765536
[INFO] Current sample [2.042758136001484, 10.873801857361322, 3.514054756310986, 3.331935127790194, 2.5154178322304355, 2.6889773782302027, 2.534273016884053, 2.232990227206847, 1.663608979166113, 1.4553894110696648, 1.3491043659392246, 0.7851439609916044, 0.6387820329143888, 0.48709495704722444, 0.44981208520209376, 0.5183215041512604, -738.4601374831138].
[INFO] Current loglikelihood -722.2387594434654.
[INFO] Adapting proposal at iteration 65536.
[INFO] Proposal at iteration 65536: MutableMvNormal{FullNormal}(FullNormal(
dim: 16
μ: [2.042758136001484, 10.873801857361322, 3.514054756310986, 3.331935127790194, 2.5154178322304355, 2.6889773782302027, 2.534273016884053, 2.232990227206847, 1.663608979166113, 1.4553894110696648, 1.3491043659392246, 0.7851439609916044, 0.6387820329143888, 0.48709495704722444, 0.44981208520209376, 0.5183215041512604]
Σ: [0.042473223609271624 -0.06520065284410982 0.008335007696356731 0.006490558409707954 0.004258844695911823 0.0009593363048759887 0.0034199389305647515 -0.002281023622485129 -0.0030562261423319873 0.0002822046265652216 -0.00249749452341266 -0.002663107670159882 -0.0012231234694242835 -0.0009307419953034892 0.001179682912594924 0.0005515640880343601; -0.06520065284410982 0.7511040893858442 0.10971677676737898 0.10441036326088596 0.10136917444981668 0.09388694901480735 0.07789595378511804 0.0775597540934201 0.0470750702811612 0.026860865938455533 0.024260291570048 0.010105957103939 -0.003787503524011861 -0.01098373553959356 -0.020867184165295642 -0.022838765451245885; 0.008335007696356731 0.10971677676737898 0.047906837440941596 0.031708547226353245 0.02463783458468395 0.018758266495503752 0.016306813899823386 0.013598778294109269 0.007527227074593666 0.004942306101170512 0.0033452251186175713 0.000491965147270356 -0.0012677002204233034 -0.002630991336140314 -0.0035182029793220933 -0.0038257450326935304; 0.006490558409707954 0.10441036326088596 0.031708547226353245 0.03400344362969724 0.0242361079145577 0.017296268866148115 0.015002145498886212 0.012383347214060739 0.006987614176195184 0.004789692513319173 0.0032701240946655095 0.0006404914477739226 -0.0011985368260177063 -0.002394103029965712 -0.003300643710698587 -0.0035904379143909615; 0.004258844695911823 0.10136917444981668 0.02463783458468395 0.0242361079145577 0.028921138037084116 0.018040426642612937 0.01409957782775957 0.01184606561965325 0.006729112314675743 0.00456189731651987 0.003233253894123032 0.0008142400656333402 -0.0011037280781548379 -0.0021796590644833688 -0.0030133469671809344 -0.003599537912451215; 0.0009593363048759887 0.09388694901480735 0.018758266495503752 0.017296268866148115 0.018040426642612937 0.01882676707517903 0.012590989665741981 0.010741917697641157 0.006168423536173856 0.0039296215690305895 0.00289670469376859 0.0008597486200317749 -0.0008668726273043475 -0.0018226665724270221 -0.0026994161811133757 -0.0032048100157840657; 0.0034199389305647515 0.07789595378511804 0.016306813899823386 0.015002145498886212 0.01409957782775957 0.012590989665741981 0.013586625130562363 0.009185356268818383 0.005045761161482774 0.003542055537974887 0.0024216669962322224 0.0004944857976891973 -0.0007939892306816928 -0.001701154185825865 -0.0023157349368304924 -0.002706124309632981; -0.002281023622485129 0.0775597540934201 0.013598778294109269 0.012383347214060739 0.01184606561965325 0.010741917697641157 0.009185356268818383 0.009906811381700733 0.0049136256936492834 0.003053517960604116 0.002461670720098116 0.0008203758025969847 -0.0006021431048626814 -0.001338885685727446 -0.0022548207523176425 -0.002544420026409666; -0.0030562261423319873 0.0470750702811612 0.007527227074593666 0.006987614176195184 0.006729112314675743 0.006168423536173856 0.005045761161482774 0.0049136256936492834 0.0035497041381228446 0.0017377976935962225 0.0015225075112340976 0.0005813073721515767 -0.0002877915543795133 -0.0007452141101011115 -0.0013472214184760056 -0.0014691910525206234; 0.0002822046265652216 0.026860865938455533 0.004942306101170512 0.004789692513319173 0.00456189731651987 0.0039296215690305895 0.003542055537974887 0.003053517960604116 0.0017377976935962225 0.0015300395856984307 0.0007943288527219441 0.00024308626486806186 -0.0002499671786785648 -0.0005302821546554838 -0.000771627761950984 -0.000927705982165188; -0.00249749452341266 0.024260291570048 0.0033452251186175713 0.0032701240946655095 0.003233253894123032 0.00289670469376859 0.0024216669962322224 0.002461670720098116 0.0015225075112340976 0.0007943288527219441 0.0010533665182466002 0.00031118966547242566 -8.100362944041529e-5 -0.00033540584745929137 -0.0006656145776560989 -0.0007394430305190697; -0.002663107670159882 0.010105957103939 0.000491965147270356 0.0006404914477739226 0.0008142400656333402 0.0008597486200317749 0.0004944857976891973 0.0008203758025969847 0.0005813073721515767 0.00024308626486806186 0.00031118966547242566 0.0003732694883241889 -8.665571277118873e-6 -3.320268648371832e-5 -0.00024569387071089646 -0.00023688907356472118; -0.0012231234694242835 -0.003787503524011861 -0.0012677002204233034 -0.0011985368260177063 -0.0011037280781548379 -0.0008668726273043475 -0.0007939892306816928 -0.0006021431048626814 -0.0002877915543795133 -0.0002499671786785648 -8.100362944041529e-5 -8.665571277118873e-6 0.00022644400109023775 0.00011245669410629055 0.0001436088416243407 0.0001726264878114854; -0.0009307419953034892 -0.01098373553959356 -0.002630991336140314 -0.002394103029965712 -0.0021796590644833688 -0.0018226665724270221 -0.001701154185825865 -0.001338885685727446 -0.0007452141101011115 -0.0005302821546554838 -0.00033540584745929137 -3.320268648371832e-5 0.00011245669410629055 0.00040595295312518046 0.0003370757252747895 0.00040863069969099497; 0.001179682912594924 -0.020867184165295642 -0.0035182029793220933 -0.003300643710698587 -0.0030133469671809344 -0.0026994161811133757 -0.0023157349368304924 -0.0022548207523176425 -0.0013472214184760056 -0.000771627761950984 -0.0006656145776560989 -0.00024569387071089646 0.0001436088416243407 0.0003370757252747895 0.0008499151677284894 0.0006172646591805068; 0.0005515640880343601 -0.022838765451245885 -0.0038257450326935304 -0.0035904379143909615 -0.003599537912451215 -0.0032048100157840657 -0.002706124309632981 -0.002544420026409666 -0.0014691910525206234 -0.000927705982165188 -0.0007394430305190697 -0.00023688907356472118 0.0001726264878114854 0.00040863069969099497 0.0006172646591805068 0.0010903484075888263]
)
)
[INFO] Iteration 81920.
[INFO] Current time 2025-02-21T18:00:33.191.
[INFO] Elapsed time 97.24329400062561 seconds.
[INFO] Acceptance ratio 0.2386474609375.
[INFO] Number of proposed samples with infinite loglikelihood: 0 of the last 16384 iterations.
[INFO] Remaining time 604702.7567019463 seconds
[INFO] Remaining iterations 749152
[INFO] Current sample [2.301772573323906, 7.397365185664571, 2.4378488005294865, 2.391741534303938, 2.304913064454602, 2.2601290034771617, 2.3102832674343383, 1.9489493490715593, 1.4818723083007919, 1.3578050007565832, 1.2543052224703315, 0.7071103697235381, 0.6871341883565988, 0.5270467999406262, 0.5405848374280112, 0.5796179610915139, -737.0633449628236].
[INFO] Current loglikelihood -730.2252991265669.
[INFO] Adapting proposal at iteration 81920.
[INFO] Proposal at iteration 81920: MutableMvNormal{FullNormal}(FullNormal(
dim: 16
μ: [2.301772573323906, 7.397365185664571, 2.4378488005294865, 2.391741534303938, 2.304913064454602, 2.2601290034771617, 2.3102832674343383, 1.9489493490715593, 1.4818723083007919, 1.3578050007565832, 1.2543052224703315, 0.7071103697235381, 0.6871341883565988, 0.5270467999406262, 0.5405848374280112, 0.5796179610915139]
Σ: [0.038639821445754056 -0.06014035014690672 0.008213012122414617 0.004506869618942853 0.004256560854839287 0.0019152278745022025 0.003067702023492202 -0.0021065895223397074 -0.003071901539887698 0.0003270834799325618 -0.002525195808956366 -0.002276192372244462 -0.001333593752911385 -0.0008263765751114748 0.0009146608247218971 0.0003983819431668664; -0.06014035014690672 0.8152031275358103 0.11718695693498955 0.1231822801972537 0.10914314610493402 0.10188389755913184 0.08507585362915122 0.08382327288564805 0.052877280900523536 0.029914820054425063 0.027480499633270466 0.009736999775982436 -0.004162576154607443 -0.012862483686918348 -0.02327241945636068 -0.025034467913853393; 0.008213012122414617 0.11718695693498955 0.0498318476266043 0.03420503966036876 0.02485262061103543 0.018932544612289815 0.016824994620585555 0.01401808411136115 0.007980806258994713 0.00567615144757732 0.0037025551286058553 0.0006935748561565552 -0.001352190149492648 -0.0028755744245792156 -0.003550224134564484 -0.0042267872413179215; 0.004506869618942853 0.1231822801972537 0.03420503966036876 0.03741841987196227 0.026157633830875444 0.019795847702528596 0.01709656973936477 0.014361213287303982 0.008373383725552052 0.005724878799310835 0.0038487749900273215 0.00092681913656073 -0.0012569771488277856 -0.0027602134811890665 -0.003742941154072584 -0.004352246843241488; 0.004256560854839287 0.10914314610493402 0.02485262061103543 0.026157633830875444 0.028354663459042875 0.01857151944158075 0.0149767179480885 0.01294589953452312 0.007461653611907103 0.0051021873361000725 0.003538071907637486 0.00078408085421293 -0.0012062941484559007 -0.0023408150827524438 -0.0033417665506470617 -0.0038318930693089876; 0.0019152278745022025 0.10188389755913184 0.018932544612289815 0.019795847702528596 0.01857151944158075 0.020333281742293777 0.013695452336140897 0.01157440721787902 0.006810553941076389 0.004468497376830351 0.0032899426643877945 0.0008278769939795107 -0.0009942849340598423 -0.0021211676611208657 -0.0031240830585071793 -0.0034546408096767078; 0.003067702023492202 0.08507585362915122 0.016824994620585555 0.01709656973936477 0.0149767179480885 0.013695452336140897 0.013963206107066764 0.009801736676992133 0.005776509705054403 0.003746353200229588 0.002760945252360737 0.0006016616380902301 -0.000906441002165888 -0.0017964253039054556 -0.0026341742040698756 -0.0030780453750848687; -0.0021065895223397074 0.08382327288564805 0.01401808411136115 0.014361213287303982 0.01294589953452312 0.01157440721787902 0.009801736676992133 0.010440902841674512 0.005411020840370372 0.0033838047701784764 0.0027447387118673646 0.0008180218172190074 -0.0006186350490175949 -0.0015273390058365777 -0.0024768913766325153 -0.002705335321513129; -0.003071901539887698 0.052877280900523536 0.007980806258994713 0.008373383725552052 0.007461653611907103 0.006810553941076389 0.005776509705054403 0.005411020840370372 0.004007231188765644 0.0019405868926850138 0.0017708611801306126 0.0006008492901000297 -0.0003105462102900095 -0.0008706598388375674 -0.0015194375496745888 -0.0016944504871137973; 0.0003270834799325618 0.029914820054425063 0.00567615144757732 0.005724878799310835 0.0051021873361000725 0.004468497376830351 0.003746353200229588 0.0033838047701784764 0.0019405868926850138 0.0016757641738299528 0.0009231329948762611 0.00023250198513800045 -0.00028752697031149757 -0.0006031138133318441 -0.0009006824869965652 -0.0010461736160897585; -0.002525195808956366 0.027480499633270466 0.0037025551286058553 0.0038487749900273215 0.003538071907637486 0.0032899426643877945 0.002760945252360737 0.0027447387118673646 0.0017708611801306126 0.0009231329948762611 0.0011717154375531426 0.0003371415878819369 -0.00010902319961727391 -0.0003915130436242373 -0.0007655900893552201 -0.0008167480731848431; -0.002276192372244462 0.009736999775982436 0.0006935748561565552 0.00092681913656073 0.00078408085421293 0.0008278769939795107 0.0006016616380902301 0.0008180218172190074 0.0006008492901000297 0.00023250198513800045 0.0003371415878819369 0.0003274542113804981 1.0218980348566642e-5 -6.008679334779974e-5 -0.00023767840293914362 -0.00023367414539725; -0.001333593752911385 -0.004162576154607443 -0.001352190149492648 -0.0012569771488277856 -0.0012062941484559007 -0.0009942849340598423 -0.000906441002165888 -0.0006186350490175949 -0.0003105462102900095 -0.00028752697031149757 -0.00010902319961727391 1.0218980348566642e-5 0.00025694780560812344 0.00011765469579947028 0.00018059937327477804 0.00022647926593769035; -0.0008263765751114748 -0.012862483686918348 -0.0028755744245792156 -0.0027602134811890665 -0.0023408150827524438 -0.0021211676611208657 -0.0017964253039054556 -0.0015273390058365777 -0.0008706598388375674 -0.0006031138133318441 -0.0003915130436242373 -6.008679334779974e-5 0.00011765469579947028 0.00046327293720739023 0.0003876271833218446 0.0004787504632807186; 0.0009146608247218971 -0.02327241945636068 -0.003550224134564484 -0.003742941154072584 -0.0033417665506470617 -0.0031240830585071793 -0.0026341742040698756 -0.0024768913766325153 -0.0015194375496745888 -0.0009006824869965652 -0.0007655900893552201 -0.00023767840293914362 0.00018059937327477804 0.0003876271833218446 0.0009390861104254716 0.0007227897582526548; 0.0003983819431668664 -0.025034467913853393 -0.0042267872413179215 -0.004352246843241488 -0.0038318930693089876 -0.0034546408096767078 -0.0030780453750848687 -0.002705335321513129 -0.0016944504871137973 -0.0010461736160897585 -0.0008167480731848431 -0.00023367414539725 0.00022647926593769035 0.0004787504632807186 0.0007227897582526548 0.0012262013095506719]
)
)
[INFO] Iteration 98304.
[INFO] Current time 2025-02-21T18:00:52.272.
[INFO] Elapsed time 116.32380700111389 seconds.
[INFO] Acceptance ratio 0.23834228515625.
[INFO] Number of proposed samples with infinite loglikelihood: 0 of the last 16384 iterations.
[INFO] Remaining time 604683.6761870384 seconds
[INFO] Remaining iterations 732768
[INFO] Current sample [2.1166988086424166, 10.395960921138018, 2.7577720287182452, 3.0039320178756483, 2.5619044047643005, 2.7160315511245208, 2.4799701077141276, 2.161935977063797, 1.6211174363483678, 1.4522817051073382, 1.2993801559877116, 0.8065932706941914, 0.6091962108774558, 0.5106688002108839, 0.46663919444895124, 0.4671988946829031, -735.8234240346573].
[INFO] Current loglikelihood -724.810924179274.
[INFO] Adapting proposal at iteration 98304.
[INFO] Proposal at iteration 98304: MutableMvNormal{FullNormal}(FullNormal(
dim: 16
μ: [2.1166988086424166, 10.395960921138018, 2.7577720287182452, 3.0039320178756483, 2.5619044047643005, 2.7160315511245208, 2.4799701077141276, 2.161935977063797, 1.6211174363483678, 1.4522817051073382, 1.2993801559877116, 0.8065932706941914, 0.6091962108774558, 0.5106688002108839, 0.46663919444895124, 0.4671988946829031]
