[INFO] Iteration 16384.
[INFO] Current time 2025-03-25T16:29:10.339.
[INFO] Elapsed time 19.636332035064697 seconds.
[INFO] Acceptance ratio 0.98211669921875.
[INFO] Number of proposed samples with infinite loglikelihood: 0 of the last 16384 iterations.
[INFO] Remaining time 1480.3636610507965 seconds
[INFO] Remaining iterations 814688
[INFO] Current sample [1.7646398558489318, 8.100509510793925, 2.2408083255672304, 2.5538220115735912, 2.336348560222801, 2.213836134247462, 2.0957956844750925, 1.9600855744467127, 1.4977724085969246, 1.1404246028069096, 1.276175114616988, 0.889683323327787, 0.9641200541585485, 0.679405273748882, 0.5064362516503508, 0.5441048596014124, -105.66706903308003].
[INFO] Current loglikelihood -78.9513416846028.
[INFO] Adapting proposal at iteration 16384.
[INFO] Proposal at iteration 16384: MutableMvNormal{FullNormal}(FullNormal(
dim: 16
μ: [1.7646398558489318, 8.100509510793925, 2.2408083255672304, 2.5538220115735912, 2.336348560222801, 2.213836134247462, 2.0957956844750925, 1.9600855744467127, 1.4977724085969246, 1.1404246028069096, 1.276175114616988, 0.889683323327787, 0.9641200541585485, 0.679405273748882, 0.5064362516503508, 0.5441048596014124]
Σ: [0.010028177933084283 -0.0038710197534900445 0.0006222697547646324 0.0010884162446023868 -0.0030533437016683064 0.001490874113070812 -0.0009847494722904243 0.0009341865161925896 -6.018495959892004e-5 0.007721437763949519 -0.0016862235218092889 -0.001973823693715853 -0.008056715231195088 -0.003433218187511723 0.0008047589932151612 0.002215435981925955; -0.0038710197534900445 0.0021618406564191985 -0.0003519461595049352 -0.0006871852010290348 0.0012158997039169426 -0.0007016534753131517 0.0006224042161235067 -0.000487833338551821 -0.0002469434202967316 -0.002669886217290923 0.001248118549473168 7.364592891675803e-5 0.002817055428718211 0.0005143775592426201 -0.0007642829378610036 -0.0010586260422676655; 0.0006222697547646324 -0.0003519461595049352 0.001191263542488277 9.486841771700672e-5 -2.2574363331164692e-5 -4.365060933894861e-5 0.00010548653761693246 0.0004501084503529976 0.00015450939528338848 -0.00016809143027622978 -0.00031708691192938564 0.0006098942152136877 -0.00012458444312801894 0.00014125952473182166 0.00022484553621840753 0.00014658954156123743; 0.0010884162446023868 -0.0006871852010290348 9.486841771700672e-5 0.000887187148108389 -0.0006852750586288867 0.0005749855021522816 5.678332336639763e-5 0.00020473245500109654 0.00018409976930732012 0.0009645722068662497 -0.00031389893635048305 -0.00010104337535496102 -0.0010723544215653308 -0.0004751151515254006 0.00048056391566332824 0.0004461199707660942; -0.0030533437016683064 0.0012158997039169426 -2.2574363331164692e-5 -0.0006852750586288867 0.0014864661630820555 -0.0007356217540988555 8.770564579039582e-5 -0.0002449287549706295 2.4912396066438315e-5 -0.0027202538752238185 0.0006286071227210217 0.0006936054880263082 0.0027863903986577415 0.0013674638231468991 -0.00032924150238902814 -0.0006498905217217542; 0.001490874113070812 -0.0007016534753131517 -4.365060933894861e-5 0.0005749855021522816 -0.0007356217540988555 0.0006646562360689613 -0.00011701652582874951 6.042911348492423e-5 6.855920102472975e-5 0.0013370505754271855 -0.0003080013348763444 -0.0003324361424136662 -0.0013792112241825364 -0.0006915994852517417 0.0003372828742260407 0.000419077478553405; -0.0009847494722904243 0.0006224042161235067 0.00010548653761693246 5.678332336639763e-5 8.770564579039582e-5 -0.00011701652582874951 0.0012978985433584134 0.00027096078809456237 -0.00029776034923429794 -0.0006056582175231237 0.0006411337730596559 -0.00031489674451052376 0.0006292433709475349 -0.0005484288061543386 -0.0003052779595363909 -0.0004381159394309579; 0.0009341865161925896 -0.000487833338551821 0.0004501084503529976 0.00020473245500109654 -0.0002449287549706295 6.042911348492423e-5 0.00027096078809456237 0.0006511800110015066 6.966400375305715e-5 0.000439202493014519 -0.00020476390211251571 0.0001378755866552788 -0.0006176772155480491 -0.00016399383559098776 0.00011323727368125406 0.00018827664193627443; -6.018495959892004e-5 -0.0002469434202967316 0.00015450939528338848 0.00018409976930732012 2.4912396066438315e-5 6.855920102472975e-5 -0.00029776034923429794 6.966400375305715e-5 0.0006234289466139067 -0.000267588290408083 -0.00034797445442742286 0.00048085838846904824 0.0002207536747902241 0.0005940562438051652 0.00029087127133874845 0.0001837798255485354; 0.007721437763949519 -0.002669886217290923 -0.00016809143027622978 0.0009645722068662497 -0.0027202538752238185 0.0013370505754271855 -0.0006056582175231237 0.000439202493014519 -0.000267588290408083 0.007007211103387572 -0.0008296382853860791 -0.0023375466421187503 -0.006938115057881686 -0.0035019988834765303 0.0005691535193185001 0.00175167857976585; -0.0016862235218092889 0.001248118549473168 -0.00031708691192938564 -0.00031389893635048305 0.0006286071227210217 -0.0003080013348763444 0.0006411337730596559 -0.00020476390211251571 -0.00034797445442742286 -0.0008296382853860791 0.0013696647329104587 -0.00072437758342711 0.0010280400116411549 -0.00046168590586587285 -0.0004905534540380173 -0.0005015238736003041; -0.001973823693715853 7.364592891675803e-5 0.0006098942152136877 -0.00010104337535496102 0.0006936054880263082 -0.0003324361424136662 -0.00031489674451052376 0.0001378755866552788 0.00048085838846904824 -0.0023375466421187503 -0.00072437758342711 0.0024079820468264207 0.0021595136799573977 0.0021009852764900467 0.0003441191542416611 -0.00034443353761879616; -0.008056715231195088 0.002817055428718211 -0.00012458444312801894 -0.0010723544215653308 0.0027863903986577415 -0.0013792112241825364 0.0006292433709475349 -0.0006176772155480491 0.0002207536747902241 -0.006938115057881686 0.0010280400116411549 0.0021595136799573977 0.007300670590157212 0.0034995549197610605 -0.0006098920171782583 -0.0017647535335352069; -0.003433218187511723 0.0005143775592426201 0.00014125952473182166 -0.0004751151515254006 0.0013674638231468991 -0.0006915994852517417 -0.0005484288061543386 -0.00016399383559098776 0.0005940562438051652 -0.0035019988834765303 -0.00046168590586587285 0.0021009852764900467 0.0034995549197610605 0.003068514978866623 0.0001985832970434722 -0.00048015597541848964; 0.0008047589932151612 -0.0007642829378610036 0.00022484553621840753 0.00048056391566332824 -0.00032924150238902814 0.0003372828742260407 -0.0003052779595363909 0.00011323727368125406 0.00029087127133874845 0.0005691535193185001 -0.0004905534540380173 0.0003441191542416611 -0.0006098920171782583 0.0001985832970434722 0.0007108456687315763 0.0004483109505049531; 0.002215435981925955 -0.0010586260422676655 0.00014658954156123743 0.0004461199707660942 -0.0006498905217217542 0.000419077478553405 -0.0004381159394309579 0.00018827664193627443 0.0001837798255485354 0.00175167857976585 -0.0005015238736003041 -0.00034443353761879616 -0.0017647535335352069 -0.00048015597541848964 0.0004483109505049531 0.0010917877954806441]
)
)
[INFO] Iteration 32768.
[INFO] Current time 2025-03-25T16:29:29.936.
[INFO] Elapsed time 39.19882297515869 seconds.
[INFO] Acceptance ratio 0.5771484375.
[INFO] Number of proposed samples with infinite loglikelihood: 0 of the last 16384 iterations.
[INFO] Remaining time 1460.8011729717255 seconds
[INFO] Remaining iterations 798304
[INFO] Current sample [2.3753139399696215, 10.383385136407114, 3.360897275852555, 3.0098526282267346, 2.7652377392419796, 2.649568250349282, 2.6629360724355022, 2.463474151979632, 2.3148637308493445, 2.418532548663094, 2.5079185703830156, 2.2434596215738916, 2.235462418567782, 2.286650122905184, 2.274403774980626, 2.7706291844429662, -76.50498667795075].
[INFO] Current loglikelihood -70.67684432126735.
[INFO] Adapting proposal at iteration 32768.
[INFO] Proposal at iteration 32768: MutableMvNormal{FullNormal}(FullNormal(
dim: 16
μ: [2.3753139399696215, 10.383385136407114, 3.360897275852555, 3.0098526282267346, 2.7652377392419796, 2.649568250349282, 2.6629360724355022, 2.463474151979632, 2.3148637308493445, 2.418532548663094, 2.5079185703830156, 2.2434596215738916, 2.235462418567782, 2.286650122905184, 2.274403774980626, 2.7706291844429662]
Σ: [0.043339121028752196 0.10274313386355227 0.017282597319346844 0.01937486029179779 0.019019070940488984 0.01543692839985996 0.0176554868983733 0.022580148576093056 0.023450701897449116 0.031563794414645505 0.04143993587036163 0.03988085202889102 0.0324552464712321 0.03641119625999855 0.04399168871030488 0.05087241046922299; 0.10274313386355227 0.47589479598177586 -0.039416309897950245 0.014160195603464713 0.04066717695887873 0.054414747945849086 0.08204460619906366 0.09543214192755173 0.11627408800483992 0.1325030670002982 0.14930636139794076 0.13373989211506146 0.09974382179861774 0.1086693656129476 0.10986128087334489 0.13026694136079706; 0.017282597319346844 -0.039416309897950245 0.11887906711029356 0.07072055956153767 0.036358994999150455 0.003112045741614366 -0.010135800117535385 -0.010859644432268672 -0.013369704638828646 0.0013500570859381923 0.03168968837867479 0.05234483032520353 0.05375295468448718 0.05324280371322733 0.08290842164221572 0.08963496507268608; 0.01937486029179779 0.014160195603464713 0.07072055956153767 0.07419282998661061 0.03862696794575776 0.015546275909403507 0.004604086464745106 0.005056364692567096 0.003950071960271058 0.012070297210471448 0.03245054245265505 0.04354025714350129 0.04709037152265209 0.05311312821150113 0.0749137428546233 0.0879513469215703; 0.019019070940488984 0.04066717695887873 0.036358994999150455 0.03862696794575776 0.04081529445917331 0.018557232385131094 0.007875876003898018 0.007308107291993462 0.006148469581663959 0.01519504098632312 0.033931135776324776 0.03866657116733378 0.03980294363957504 0.04477003098960346 0.05538718040275523 0.0604232488146667; 0.01543692839985996 0.054414747945849086 0.003112045741614366 0.015546275909403507 0.018557232385131094 0.030027674499902714 0.021053328120873904 0.016217435867633013 0.012515622267480304 0.017800363830434072 0.025096449396121046 0.024992315414023997 0.02269362872649766 0.023899277736812153 0.02776201536815702 0.027797060565597755; 0.0176554868983733 0.08204460619906366 -0.010135800117535385 0.004604086464745106 0.007875876003898018 0.021053328120873904 0.04894935530728369 0.036409743758597714 0.028814835991295785 0.0245782319216879 0.020860710795356115 0.01786952090250391 0.014933457265787639 0.018175348647381306 0.018020283616025326 0.02215953998771686; 0.022580148576093056 0.09543214192755173 -0.010859644432268672 0.005056364692567096 0.007308107291993462 0.016217435867633013 0.036409743758597714 0.05071299586516906 0.037482653474340356 0.029631434905356826 0.0249302901074893 0.020621467805087248 0.018485332427929636 0.02460321821586367 0.022611420298211428 0.022477279622110633; 0.023450701897449116 0.11627408800483992 -0.013369704638828646 0.003950071960271058 0.006148469581663959 0.012515622267480304 0.028814835991295785 0.037482653474340356 0.051686745978905574 0.043461096830890854 0.03827289567832631 0.034643992856860796 0.02632277290140423 0.034375138523790594 0.03282392355422364 0.0398611979979556; 0.031563794414645505 0.1325030670002982 0.0013500570859381923 0.012070297210471448 0.01519504098632312 0.017800363830434072 0.0245782319216879 0.029631434905356826 0.043461096830890854 0.06654339728685661 0.06478603843630103 0.05971623097054973 0.04434807641417894 0.04857435209391267 0.055820241295253065 0.06357465708455738; 0.04143993587036163 0.14930636139794076 0.03168968837867479 0.03245054245265505 0.033931135776324776 0.025096449396121046 0.020860710795356115 0.0249302901074893 0.03827289567832631 0.06478603843630103 0.09939131099813132 0.09344774771966485 0.07221144397468941 0.07181143392762067 0.08750390775394133 0.0959309394634216; 0.03988085202889102 0.13373989211506146 0.05234483032520353 0.04354025714350129 0.03866657116733378 0.024992315414023997 0.01786952090250391 0.020621467805087248 0.034643992856860796 0.05971623097054973 0.09344774771966485 0.12287130377590612 0.0976955182899284 0.09567542989507134 0.11184236559885806 0.12162308887319709; 0.0324552464712321 0.09974382179861774 0.05375295468448718 0.04709037152265209 0.03980294363957504 0.02269362872649766 0.014933457265787639 0.018485332427929636 0.02632277290140423 0.04434807641417894 0.07221144397468941 0.0976955182899284 0.10568013346994312 0.09825202756233412 0.10941385403289675 0.12005405708770706; 0.03641119625999855 0.1086693656129476 0.05324280371322733 0.05311312821150113 0.04477003098960346 0.023899277736812153 0.018175348647381306 0.02460321821586367 0.034375138523790594 0.04857435209391267 0.07181143392762067 0.09567542989507134 0.09825202756233412 0.1119906747612844 0.11923734024667199 0.12905233450250864; 0.04399168871030488 0.10986128087334489 0.08290842164221572 0.0749137428546233 0.05538718040275523 0.02776201536815702 0.018020283616025326 0.022611420298211428 0.03282392355422364 0.055820241295253065 0.08750390775394133 0.11184236559885806 0.10941385403289675 0.11923734024667199 0.1552961381960586 0.16630315249457295; 0.05087241046922299 0.13026694136079706 0.08963496507268608 0.0879513469215703 0.0604232488146667 0.027797060565597755 0.02215953998771686 0.022477279622110633 0.0398611979979556 0.06357465708455738 0.0959309394634216 0.12162308887319709 0.12005405708770706 0.12905233450250864 0.16630315249457295 0.21397015715603343]
)
)
[INFO] Iteration 49152.
[INFO] Current time 2025-03-25T16:29:46.924.
[INFO] Elapsed time 56.18721294403076 seconds.
[INFO] Acceptance ratio 0.42816162109375.
[INFO] Number of proposed samples with infinite loglikelihood: 0 of the last 16384 iterations.
[INFO] Remaining time 1443.8127830028534 seconds
[INFO] Remaining iterations 781920
[INFO] Current sample [4.22986569158501, 7.513683161108097, 19.665179655548506, 18.311867293405214, 17.55847293286404, 17.4740007897857, 17.90787041281413, 17.218140826617063, 16.752211721683395, 16.359909700679413, 16.497163855628234, 17.745798258771924, 18.22011587622908, 18.541847930257987, 16.902588502553755, 17.029063244890516, -66.22930820820125].
[INFO] Current loglikelihood -55.382745141064916.
[INFO] Adapting proposal at iteration 49152.
[INFO] Proposal at iteration 49152: MutableMvNormal{FullNormal}(FullNormal(
dim: 16
μ: [4.22986569158501, 7.513683161108097, 19.665179655548506, 18.311867293405214, 17.55847293286404, 17.4740007897857, 17.90787041281413, 17.218140826617063, 16.752211721683395, 16.359909700679413, 16.497163855628234, 17.745798258771924, 18.22011587622908, 18.541847930257987, 16.902588502553755, 17.029063244890516]
Σ: [0.2681206800399114 0.04442031100547524 0.6580658332955183 0.6296483758110445 0.6153435557192742 0.6004899425550984 0.5930093425075498 0.5675966360625825 0.5513346469371546 0.553719665845663 0.5349235912857554 0.545510754235503 0.5212352118305729 0.5083666165053246 0.505564862044884 0.49393883250545906; 0.04442031100547524 1.137286465542917 -2.7742720863032893 -2.691679454930265 -2.6281503451440122 -2.615197139962071 -2.6408710645282 -2.647029469085382 -2.6241653398186133 -2.6282774825311357 -2.6324428260537056 -2.6114371247134613 -2.6350700537467957 -2.619035087103038 -2.5754398862149026 -2.5577337288574973; 0.6580658332955183 -2.7742720863032893 10.994557211039169 10.655195876893528 10.310309295715445 10.228106349668748 10.280134132113925 10.26957423487082 10.159700710803083 10.200611432502184 10.209415148257648 10.188472017772902 10.221317886663304 10.128906439367727 9.987655719084556 9.875237892115782; 0.6296483758110445 -2.691679454930265 10.655195876893528 10.562115914087698 10.233370694248938 10.154540459126888 10.179784816895692 10.172424030711886 10.067346417447233 10.112551982561572 10.128849070650524 10.11545370829637 10.141053864955374 10.039146846799802 9.909953525301477 9.813897441787438; 0.6153435557192742 -2.6281503451440122 10.310309295715445 10.233370694248938 10.155107728319187 10.079934187269288 10.082841021670632 10.073283622310107 9.966617354010786 10.02387434865589 10.039457785147805 10.030395951044177 10.057550632157778 9.953262610956324 9.825441217023588 9.720073239579172; 0.6004899425550984 -2.615197139962071 10.228106349668748 10.154540459126888 10.079934187269288 10.253967499677621 10.27286525122804 10.264730497906628 10.133199898798633 10.189729709356332 10.210104135468313 10.19362439377236 10.212061161560369 10.124566312271167 9.98070970458287 9.886870208238522; 0.5930093425075498 -2.6408710645282 10.280134132113925 10.179784816895692 10.082841021670632 10.27286525122804 10.5267244230352 10.511112692229942 10.364879298500465 10.43131491771129 10.428022721771832 10.38557742873585 10.402270490967473 10.340317492063422 10.18724003709196 10.08660434232582; 0.5675966360625825 -2.647029469085382 10.26957423487082 10.172424030711886 10.073283622310107 10.264730497906628 10.511112692229942 10.721985153031412 10.573839769571537 10.646421306150323 10.645040106103183 10.585941414844473 10.606646736147239 10.546877337189784 10.408796682912511 10.296072513453781; 0.5513346469371546 -2.6241653398186133 10.159700710803083 10.067346417447233 9.966617354010786 10.133199898798633 10.364879298500465 10.573839769571537 10.63715082196434 10.71520315421074 10.69699477240711 10.622618812584648 10.624675099082467 10.548013937031627 10.420190093197292 10.307230473657507; 0.553719665845663 -2.6282774825311357 10.200611432502184 10.112551982561572 10.02387434865589 10.189729709356332 10.43131491771129 10.646421306150323 10.71520315421074 10.984372586224147 10.968244552528102 10.872171600345949 10.862017831024607 10.768072953760019 10.632393864454084 10.509914921480107; 0.5349235912857554 -2.6324428260537056 10.209415148257648 10.128849070650524 10.039457785147805 10.210104135468313 10.428022721771832 10.645040106103183 10.69699477240711 10.968244552528102 11.186456211621561 11.082429088674136 11.055814828310588 10.965952095485346 10.842977975835769 10.730599601559339; 0.545510754235503 -2.6114371247134613 10.188472017772902 10.11545370829637 10.030395951044177 10.19362439377236 10.38557742873585 10.585941414844473 10.622618812584648 10.872171600345949 11.082429088674136 11.237599467752617 11.207529692544503 11.099967334788168 10.977244852084011 10.84133958092388; 0.5212352118305729 -2.6350700537467957 10.221317886663304 10.141053864955374 10.057550632157778 10.212061161560369 10.402270490967473 10.606646736147239 10.624675099082467 10.862017831024607 11.055814828310588 11.207529692544503 11.385458112412763 11.276218090386422 11.16163866514377 11.029346788854138; 0.5083666165053246 -2.619035087103038 10.128906439367727 10.039146846799802 9.953262610956324 10.124566312271167 10.340317492063422 10.546877337189784 10.548013937031627 10.768072953760019 10.965952095485346 11.099967334788168 11.276218090386422 11.419261818562116 11.289656625005541 11.175210010933977; 0.505564862044884 -2.5754398862149026 9.987655719084556 9.909953525301477 9.825441217023588 9.98070970458287 10.18724003709196 10.408796682912511 10.420190093197292 10.632393864454084 10.842977975835769 10.977244852084011 11.16163866514377 11.289656625005541 11.386614861439854 11.260092182074377; 0.49393883250545906 -2.5577337288574973 9.875237892115782 9.813897441787438 9.720073239579172 9.886870208238522 10.08660434232582 10.296072513453781 10.307230473657507 10.509914921480107 10.730599601559339 10.84133958092388 11.029346788854138 11.175210010933977 11.260092182074377 11.405617630848624]
)
)
[INFO] Iteration 65536.
[INFO] Current time 2025-03-25T16:30:03.523.
[INFO] Elapsed time 72.78581190109253 seconds.
[INFO] Acceptance ratio 0.127685546875.
[INFO] Number of proposed samples with infinite loglikelihood: 0 of the last 16384 iterations.
[INFO] Remaining time 1427.2141799926758 seconds
[INFO] Remaining iterations 765536
[INFO] Current sample [4.048686425451802, 7.346720641656112, 25.633283806239998, 26.082980420918012, 25.448046070820528, 26.23043995757246, 25.903373722441223, 25.19998032743318, 25.412863247936365, 24.157541752969475, 24.590818465587617, 23.50599881156903, 22.08420730520623, 21.808021143122424, 21.090774978467618, 22.613700729919856, -67.27471426748096].
[INFO] Current loglikelihood -50.24210895525847.
[INFO] Adapting proposal at iteration 65536.
[INFO] Proposal at iteration 65536: MutableMvNormal{FullNormal}(FullNormal(
dim: 16
μ: [4.048686425451802, 7.346720641656112, 25.633283806239998, 26.082980420918012, 25.448046070820528, 26.23043995757246, 25.903373722441223, 25.19998032743318, 25.412863247936365, 24.157541752969475, 24.590818465587617, 23.50599881156903, 22.08420730520623, 21.808021143122424, 21.090774978467618, 22.613700729919856]
Σ: [0.3159503623272144 0.16433444368082142 0.6641318939603529 0.6596897939376718 0.6315036208914184 0.619706967159781 0.6232169294429536 0.6130017570918602 0.5807962247214163 0.566894420677181 0.5588967989027116 0.5425814032056223 0.5407836104133752 0.5472031205504614 0.5369853754128144 0.5316186972362419; 0.16433444368082142 0.44397008076147587 -1.1044080340844564 -1.079884442199502 -1.0359028150659257 -1.0379263062933624 -1.0155704922398636 -0.9886431860880587 -0.967993629591452 -0.9455209311265078 -0.9115505220288229 -0.8878056980048854 -0.8640213937976086 -0.8516400963609032 -0.8341621807836455 -0.819370540073988; 0.6641318939603529 -1.1044080340844564 11.452211028306643 11.249578112348216 10.855164987167743 10.790969391950263 10.758394031402363 10.512762009254352 10.262116175616343 10.004071257386315 9.58830250129434 9.35703877097167 9.165195859658535 9.102402946068116 8.869450536267795 8.738081359715435; 0.6596897939376718 -1.079884442199502 11.249578112348216 11.437019734849027 11.058980202063283 10.992048822492862 10.965424957028567 10.751390102521292 10.501644714693583 10.24340414781399 9.804805060711667 9.589831123785894 9.407002745413129 9.333488408924952 9.0838240987442 8.989920188772706; 0.6315036208914184 -1.0359028150659257 10.855164987167743 11.058980202063283 11.082331155800594 11.047427406300187 11.022370803483135 10.794230037825047 10.498317507849734 10.242413954355072 9.832309079553685 9.627897322900557 9.416411780555045 9.335147083547332 9.065873464305797 8.994803810157249; 0.619706967159781 -1.0379263062933624 10.790969391950263 10.992048822492862 11.047427406300187 11.393316540442425 11.339141500832824 11.12700392705699 10.803251251504207 10.514550953335345 10.103628055291654 9.873184213617385 9.688617617283578 9.61526143862623 9.341465124478356 9.279588439419042; 0.6232169294429536 -1.0155704922398636 10.758394031402363 10.965424957028567 11.022370803483135 11.339141500832824 11.699293840545526 11.518743059389916 11.217530669643542 10.958194139660879 10.546118756620437 10.301000612756377 10.111674733756535 10.012017133480766 9.77231554104702 9.692048700277814; 0.6130017570918602 -0.9886431860880587 10.512762009254352 10.751390102521292 10.794230037825047 11.12700392705699 11.518743059389916 11.727978091199153 11.457577778146977 11.180415446945943 10.7641457382224 10.519084986263687 10.340219820379076 10.232461715133546 9.985927740708371 9.931353270578022; 0.5807962247214163 -0.967993629591452 10.262116175616343 10.501644714693583 10.498317507849734 10.803251251504207 11.217530669643542 11.457577778146977 11.55712822038575 11.287428378046233 10.887834264483915 10.632101599066992 10.45257110759319 10.325232378834412 10.103161162646703 10.035200344917504; 0.566894420677181 -0.9455209311265078 10.004071257386315 10.24340414781399 10.242413954355072 10.514550953335345 10.958194139660879 11.180415446945943 11.287428378046233 11.342317150121977 10.946237846052018 10.68463109939554 10.496645472586684 10.344088714520748 10.12446571602821 10.044391183080048; 0.5588967989027116 -0.9115505220288229 9.58830250129434 9.804805060711667 9.832309079553685 10.103628055291654 10.546118756620437 10.7641457382224 10.887834264483915 10.946237846052018 11.001700715481967 10.735384607274137 10.541044678103095 10.390676796012789 10.126170789591605 10.018414377897287; 0.5425814032056223 -0.8878056980048854 9.35703877097167 9.589831123785894 9.627897322900557 9.873184213617385 10.301000612756377 10.519084986263687 10.632101599066992 10.68463109939554 10.735384607274137 10.833784577746108 10.63898303410828 10.472040987984414 10.178777911705282 10.06818702604272; 0.5407836104133752 -0.8640213937976086 9.165195859658535 9.407002745413129 9.416411780555045 9.688617617283578 10.111674733756535 10.340219820379076 10.45257110759319 10.496645472586684 10.541044678103095 10.63898303410828 10.802454214695016 10.659790909886858 10.370025879532179 10.225309492720728; 0.5472031205504614 -0.8516400963609032 9.102402946068116 9.333488408924952 9.335147083547332 9.61526143862623 10.012017133480766 10.232461715133546 10.325232378834412 10.344088714520748 10.390676796012789 10.472040987984414 10.659790909886858 10.866236774969874 10.585768569040873 10.45730708481502; 0.5369853754128144 -0.8341621807836455 8.869450536267795 9.0838240987442 9.065873464305797 9.341465124478356 9.77231554104702 9.985927740708371 10.103161162646703 10.12446571602821 10.126170789591605 10.178777911705282 10.370025879532179 10.585768569040873 10.701389825417856 10.523435354105676; 0.5316186972362419 -0.819370540073988 8.738081359715435 8.989920188772706 8.994803810157249 9.279588439419042 9.692048700277814 9.931353270578022 10.035200344917504 10.044391183080048 10.018414377897287 10.06818702604272 10.225309492720728 10.45730708481502 10.523435354105676 10.698021760992688]
)
)
[INFO] Iteration 81920.
[INFO] Current time 2025-03-25T16:30:19.899.
[INFO] Elapsed time 89.16254687309265 seconds.
[INFO] Acceptance ratio 0.09625244140625.
[INFO] Number of proposed samples with infinite loglikelihood: 0 of the last 16384 iterations.
[INFO] Remaining time 1410.8374490737915 seconds
[INFO] Remaining iterations 749152
[INFO] Current sample [3.580730511500175, 6.863319642969296, 22.716419777334252, 21.625324303640365, 22.65293476914311, 21.979227340080183, 21.54953734654179, 20.556522323352606, 21.671226306549404, 20.856977616077494, 20.045710432999442, 19.101802540779772, 20.587181157281528, 19.03478483298387, 17.4040092359821, 17.995160258440723, -72.65570168889198].
[INFO] Current loglikelihood -49.186726151810475.
[INFO] Iteration 98304.
[INFO] Current time 2025-03-25T16:30:36.243.
[INFO] Elapsed time 105.50665092468262 seconds.
[INFO] Acceptance ratio 0.08746337890625.
[INFO] Number of proposed samples with infinite loglikelihood: 0 of the last 16384 iterations.
[INFO] Remaining time 1394.4933459758759 seconds
[INFO] Remaining iterations 732768
[INFO] Current sample [4.326901578557128, 7.1934853870523225, 19.964912172570912, 20.55888701551554, 20.09129565985474, 19.416018496470457, 18.758615359443077, 17.64119488068154, 17.877442073563152, 17.076174324516344, 16.088409038152033, 17.532845413458205, 17.790814808734567, 18.47148791476804, 19.756128058677582, 20.49670918836396, -70.64583227100601].
[INFO] Current loglikelihood -56.644584246691466.
[INFO] Iteration 114688.
[INFO] Current time 2025-03-25T16:30:52.630.
[INFO] Elapsed time 121.9076418876648 seconds.
[INFO] Acceptance ratio 0.08843994140625.
[INFO] Number of proposed samples with infinite loglikelihood: 1 of the last 16384 iterations.
[INFO] Remaining time 1378.0923519134521 seconds
[INFO] Remaining iterations 716384
[INFO] Current sample [4.046698700931519, 8.115081928773604, 19.873594466829008, 21.242156504806058, 20.96508205278175, 21.00266717316447, 20.03817862140944, 20.15699665109527, 19.380447713794346, 18.93100743117923, 18.528534142408237, 18.829060333764904, 17.450173126907046, 16.796711124826153, 15.512700910583451, 16.00384609373617, -64.89792325543081].
[INFO] Current loglikelihood -54.49550022142297.
[INFO] Iteration 131072.
[INFO] Current time 2025-03-25T16:31:09.011.
[INFO] Elapsed time 138.27476596832275 seconds.
[INFO] Acceptance ratio 0.09405517578125.
[INFO] Number of proposed samples with infinite loglikelihood: 1 of the last 16384 iterations.
[INFO] Remaining time 1361.7252299785614 seconds
[INFO] Remaining iterations 700000
[INFO] Current sample [4.096928343393663, 7.985207031163715, 20.685029044759094, 20.230346000339267, 19.49490523739695, 19.57994810356305, 20.30301483409246, 20.601731454188116, 19.997249518015984, 19.95825602214711, 19.004580599505175, 19.505315941137557, 19.463237508530398, 19.144634830865794, 18.79778851190345, 19.39253583803692, -60.60608316398053].
[INFO] Current loglikelihood -53.92327008624644.
[INFO] Iteration 147456.
[INFO] Current time 2025-03-25T16:31:25.313.
[INFO] Elapsed time 154.57642698287964 seconds.
[INFO] Acceptance ratio 0.08941650390625.
[INFO] Number of proposed samples with infinite loglikelihood: 1 of the last 16384 iterations.
[INFO] Remaining time 1345.4235689640045 seconds
[INFO] Remaining iterations 683616
[INFO] Current sample [4.331447451031408, 7.837815646416081, 19.778593535826634, 19.461945125858954, 18.208774243221356, 17.981426045943817, 18.45132532696893, 18.83442784708958, 18.011633894219067, 17.207117532522105, 16.990830066655686, 16.710374490863156, 17.4754739641259, 17.702704362130042, 17.89894289814279, 18.035341285061087, -61.45373407294015].
[INFO] Current loglikelihood -55.508254069657056.
[INFO] Iteration 163840.
[INFO] Current time 2025-03-25T16:31:41.642.
[INFO] Elapsed time 170.9056270122528 seconds.
[INFO] Acceptance ratio 0.087890625.
[INFO] Number of proposed samples with infinite loglikelihood: 0 of the last 16384 iterations.
[INFO] Remaining time 1329.0943689346313 seconds
[INFO] Remaining iterations 667232
[INFO] Current sample [4.693317296381407, 7.464025626297292, 23.914064973268292, 25.31195316786905, 25.45118734252776, 25.383200488854445, 26.560266062447262, 26.950381838320403, 26.13503821250107, 26.214041781440656, 26.12909600209457, 26.326349028248465, 25.61911728509154, 26.37822096684926, 25.210168617735857, 25.068052632773032, -65.36140494129991].
[INFO] Current loglikelihood -53.596321123452455.
[INFO] Iteration 180224.
[INFO] Current time 2025-03-25T16:31:57.954.
[INFO] Elapsed time 187.2167980670929 seconds.
[INFO] Acceptance ratio 0.09063720703125.
[INFO] Number of proposed samples with infinite loglikelihood: 0 of the last 16384 iterations.
[INFO] Remaining time 1312.7831981182098 seconds
[INFO] Remaining iterations 650848
[INFO] Current sample [4.359327623883468, 7.48446783587642, 22.4537737173613, 21.92062815060188, 20.773094772277467, 21.6200157393147, 20.54918113790577, 19.9643259265278, 20.53568255663697, 19.880122067010856, 19.170653782180697, 19.407265046194663, 17.686255188077098, 16.929682966840314, 17.394718618515462, 17.59813368077659, -65.37966779001775].
[INFO] Current loglikelihood -53.200347765136264.
[INFO] Iteration 196608.
[INFO] Current time 2025-03-25T16:32:14.270.
[INFO] Elapsed time 203.53323197364807 seconds.
[INFO] Acceptance ratio 0.09063720703125.
[INFO] Number of proposed samples with infinite loglikelihood: 0 of the last 16384 iterations.
[INFO] Remaining time 1296.4667649269104 seconds
[INFO] Remaining iterations 634464
[INFO] Current sample [3.189202764824849, 5.803500598878455, 25.73360777516924, 25.867760055259993, 25.19516113903997, 24.674539735249674, 24.613023894795507, 23.676398571526565, 23.38512309340222, 23.43408249057007, 23.525076550694056, 23.621469883472418, 23.787491440242526, 23.286319731919537, 22.066821159803787, 21.95127003208308, -65.20965712685071].
[INFO] Current loglikelihood -45.8653005867876.
[INFO] Iteration 212992.
[INFO] Current time 2025-03-25T16:32:30.578.
[INFO] Elapsed time 219.84170603752136 seconds.
[INFO] Acceptance ratio 0.0927734375.
[INFO] Number of proposed samples with infinite loglikelihood: 0 of the last 16384 iterations.
[INFO] Remaining time 1280.1582901477814 seconds
[INFO] Remaining iterations 618080
[INFO] Current sample [3.5079080079860576, 6.746657530191149, 24.60799494500107, 23.54907033644641, 22.209770873122913, 21.824040452910264, 21.403823017038526, 21.091091326781196, 22.588131326645083, 22.5286573492334, 22.85821315462497, 22.41474066774, 22.308882129150696, 21.212576107377988, 19.771572813148847, 20.09565009354476, -67.15068320285181].
[INFO] Current loglikelihood -47.81550931703508.
[INFO] Iteration 229376.
[INFO] Current time 2025-03-25T16:32:46.920.
[INFO] Elapsed time 236.18320608139038 seconds.
[INFO] Acceptance ratio 0.092041015625.
[INFO] Number of proposed samples with infinite loglikelihood: 0 of the last 16384 iterations.
[INFO] Remaining time 1263.8167901039124 seconds
[INFO] Remaining iterations 601696
[INFO] Current sample [3.8503905585811244, 6.495514840485917, 26.357564834024956, 26.829067737517725, 25.9782205645167, 26.630698383055226, 26.664930303401004, 26.08572030736052, 26.50155859017938, 27.961324870140295, 27.682773689201053, 29.74527820691008, 29.399791279547312, 28.816990633457955, 27.9754726135142, 29.22622106396995, -70.95718997637336].
[INFO] Current loglikelihood -48.136198485870594.
[INFO] Iteration 245760.
[INFO] Current time 2025-03-25T16:33:03.270.
[INFO] Elapsed time 252.5331768989563 seconds.
[INFO] Acceptance ratio 0.091064453125.
[INFO] Number of proposed samples with infinite loglikelihood: 0 of the last 16384 iterations.
[INFO] Remaining time 1247.4668200016022 seconds
[INFO] Remaining iterations 585312
[INFO] Current sample [5.1943891492903544, 8.912247816803358, 20.661696787231595, 20.689704755617672, 20.49974364780641, 20.733796777986175, 20.59614278551947, 20.95292857026791, 21.004173142063095, 20.908064355824727, 20.24573466548753, 20.948910978422855, 20.974396794496112, 20.09820203982331, 19.565912502013685, 19.053330454566012, -60.76926912613808].
[INFO] Current loglikelihood -59.2858190123149.
[INFO] Iteration 262144.
[INFO] Current time 2025-03-25T16:33:19.581.
[INFO] Elapsed time 268.84451603889465 seconds.
[INFO] Acceptance ratio 0.0902099609375.
[INFO] Number of proposed samples with infinite loglikelihood: 0 of the last 16384 iterations.
[INFO] Remaining time 1231.155480146408 seconds
[INFO] Remaining iterations 568928
[INFO] Current sample [4.297542741283727, 8.346602491419574, 20.254898436823943, 19.51536516976288, 19.718935238191914, 20.52193522315698, 20.50504804811925, 20.963588779608653, 20.65393745014695, 20.186868721607276, 20.645823585918105, 20.862284218988112, 21.115958451338873, 21.359206644621242, 21.154847201125506, 20.89248553351622, -60.2621981551377].
[INFO] Current loglikelihood -55.6140557111884.
[INFO] Iteration 278528.
[INFO] Current time 2025-03-25T16:33:35.931.
[INFO] Elapsed time 285.19382095336914 seconds.
[INFO] Acceptance ratio 0.08953857421875.
[INFO] Number of proposed samples with infinite loglikelihood: 0 of the last 16384 iterations.
[INFO] Remaining time 1214.806174993515 seconds
[INFO] Remaining iterations 552544
[INFO] Current sample [5.263818353348212, 7.96760369583289, 23.502286904150523, 25.507320845292114, 25.75116444876798, 26.642622915860024, 26.411488919744357, 26.14933843235815, 24.68136461083777, 25.519824336400497, 26.12424272259911, 25.198130568450246, 24.98667691547951, 24.647212588969044, 23.721574037572037, 24.231464181061646, -69.16936808473588].
[INFO] Current loglikelihood -56.479131675712296.
[INFO] Iteration 294912.
[INFO] Current time 2025-03-25T16:33:52.268.
[INFO] Elapsed time 301.5307819843292 seconds.
[INFO] Acceptance ratio 0.088623046875.
[INFO] Number of proposed samples with infinite loglikelihood: 1 of the last 16384 iterations.
[INFO] Remaining time 1198.469213962555 seconds
[INFO] Remaining iterations 536160
[INFO] Current sample [5.241494636741903, 8.413409123962419, 21.292249531922227, 19.846237425455488, 20.0991686554991, 19.83121208428087, 19.383094831041433, 18.461459795458545, 18.61153902554215, 18.029061323411884, 18.692469126740466, 17.626037051225694, 18.313990700144778, 17.079799882326437, 17.224603066361222, 17.01354618567073, -65.15315229030432].
[INFO] Current loglikelihood -58.423436210538036.
[INFO] Iteration 311296.
[INFO] Current time 2025-03-25T16:34:08.568.
[INFO] Elapsed time 317.83089804649353 seconds.
[INFO] Acceptance ratio 0.0947265625.
[INFO] Number of proposed samples with infinite loglikelihood: 0 of the last 16384 iterations.
[INFO] Remaining time 1182.1690981388092 seconds
[INFO] Remaining iterations 519776
[INFO] Current sample [4.946804930502684, 8.750391112353084, 17.094325649627397, 18.029030516865888, 17.1493779321868, 17.559825653164147, 16.133821505703924, 16.069973111419515, 15.590491555075396, 15.180146270762883, 15.098279844343356, 14.322036024300948, 14.585636419792731, 14.501138628414825, 14.671640862158856, 14.15288035598451, -63.78486807651872].
[INFO] Current loglikelihood -61.85508506115501.
[INFO] Iteration 327680.
[INFO] Current time 2025-03-25T16:34:24.860.
[INFO] Elapsed time 334.12295508384705 seconds.
[INFO] Acceptance ratio 0.09613037109375.
[INFO] Number of proposed samples with infinite loglikelihood: 0 of the last 16384 iterations.
[INFO] Remaining time 1165.8770411014557 seconds
[INFO] Remaining iterations 503392
[INFO] Current sample [4.123843980256658, 8.09207975138404, 18.97571037307782, 18.777377063831114, 18.177914961453382, 18.11886171209754, 18.20848878114851, 18.144281083099514, 17.574228626398337, 17.6627051098555, 16.193012698160686, 15.415699393616942, 15.810524082656295, 15.571820188156101, 15.23030946506495, 14.356935131062082, -60.647635742764066].
[INFO] Current loglikelihood -55.32426252925502.
[INFO] Iteration 344064.
[INFO] Current time 2025-03-25T16:34:41.423.
[INFO] Elapsed time 350.6867129802704 seconds.
[INFO] Acceptance ratio 0.0965576171875.
[INFO] Number of proposed samples with infinite loglikelihood: 2 of the last 16384 iterations.
[INFO] Remaining time 1149.3132779598236 seconds
[INFO] Remaining iterations 487008
[INFO] Current sample [3.88209141279573, 6.742134678473513, 27.004061232609956, 26.201841292836313, 26.098152923178773, 27.009307082948332, 26.94257858388784, 27.182507698475852, 26.021252736209743, 25.698068988636106, 25.623585922879855, 24.175118945935857, 24.6312853781672, 24.479741418607514, 22.986806983293015, 22.03430376755777, -65.69390024643828].
[INFO] Current loglikelihood -48.02334127222562.
[INFO] Iteration 360448.
[INFO] Current time 2025-03-25T16:34:57.747.
[INFO] Elapsed time 367.0107409954071 seconds.
[INFO] Acceptance ratio 0.0927734375.
[INFO] Number of proposed samples with infinite loglikelihood: 0 of the last 16384 iterations.
[INFO] Remaining time 1132.989249944687 seconds
[INFO] Remaining iterations 470624
[INFO] Current sample [4.9317631162204965, 8.19966821044524, 20.74767001705785, 21.129740347500586, 21.007959670553632, 21.350248326638525, 21.953112318116652, 22.061004000731177, 21.930166816242178, 22.294511688082068, 22.577907425336033, 22.025764988173595, 23.114954692421122, 22.004994067750665, 21.42503026514896, 20.817512256290303, -62.592094798981236].
[INFO] Current loglikelihood -57.52321130214209.
[INFO] Iteration 376832.
[INFO] Current time 2025-03-25T16:35:14.061.
[INFO] Elapsed time 383.3239529132843 seconds.
[INFO] Acceptance ratio 0.08880615234375.
[INFO] Number of proposed samples with infinite loglikelihood: 0 of the last 16384 iterations.
[INFO] Remaining time 1116.6760430335999 seconds
[INFO] Remaining iterations 454240
[INFO] Current sample [3.1639962463070685, 7.014571170979206, 18.577277947550165, 18.028067796514485, 18.817775215824774, 17.345732632956732, 16.94995846941793, 16.57155261922715, 16.657866270265107, 16.10538229431867, 15.244494765666936, 16.172152819871975, 15.701078257175443, 15.318374474766005, 14.489214430719146, 13.269831285582022, -66.59041667817232].
[INFO] Current loglikelihood -50.138715418044214.
[INFO] Iteration 393216.
[INFO] Current time 2025-03-25T16:35:30.538.
[INFO] Elapsed time 399.80171608924866 seconds.
[INFO] Acceptance ratio 0.08624267578125.
[INFO] Number of proposed samples with infinite loglikelihood: 0 of the last 16384 iterations.
[INFO] Remaining time 1100.198280096054 seconds
[INFO] Remaining iterations 437856
